total_metrics:
  Gait Cycle:
    Right Single Support Time: [213.0, 147.0, 137.0, 145.0, 161.0, 425.0, 411.0, 145.0, 62.0, 55.0, 66.0, 235.0, 275.0, 170.0, nan, nan]
    Left Single Support Time: [36.0, 42.0, 22.0, 45.0, 38.0, 36.0, 37.0, 40.0, 20.0, 60.0, 58.0, 18.0, 21.0, 30.0, 24.0, 23.0, 81.0, 12.0, 26.0, 12.0, 52.0, 21.0, 30.0, 40.0, 18.0, 53.0, 55.0, 53.0, 9.0, 11.0, 25.0, 27.0, 30.0, 37.0, 42.0, nan]
    Double Support Time: [177.0, 54.0, 71.0, 106.0, 119.0, 117.0, 274.0, 113.0, 42.0, 65.0, 57.0, 57.0, 74.0, 69.0, 141.0, nan, nan, nan, nan, nan, nan, nan, nan, nan, nan, nan, nan, nan, nan, nan, nan, nan, nan, nan, nan, nan]
    Right Stance Phase Duration: [52, 20, 40, 44, 62, 34, 26, 23, 24, 43, 40, 30, 11, 22, 58, 25, 29, 48, 49, 20, 23, 21, 19, 22, 27, 28, 46, 20, 26, 31, 39, 18, 159, 46, 54, 61]
    Left Stance Phase Duration: [213.0, 147.0, 137.0, 145.0, 161.0, 425.0, 411.0, 145.0, 62.0, 55.0, 66.0, 235.0, 275.0, 170.0, nan, nan]
    Right Load Response Time: [699.0, 699.0, 750.0, 794.0, 788.0, 792.0, 1064.0, 1164.0, 1156.0, 1156.0, 1086.0, 1037.0, 1197.0, 1377.0, 1448.0, nan, nan, nan, nan, nan, nan, nan, nan, nan, nan, nan, nan, nan, nan, nan, nan, nan, nan, nan, nan, nan]
    Right Gait Cycle Time: [88.0, 62.0, 62.0, 89.0, 100.0, 70.0, 63.0, 63.0, 44.0, 103.0, 98.0, 48.0, 32.0, 52.0, 82.0, 48.0, 110.0, 60.0, 75.0, 32.0, 75.0, 42.0, 49.0, 62.0, 45.0, 81.0, 101.0, 73.0, 35.0, 42.0, 64.0, 45.0, 189.0, 83.0, 96.0, nan]
    Left Load Response Time: [-522.0, -645.0, -679.0, -688.0, -669.0, -675.0, -790.0, -1051.0, -1114.0, -1091.0, -1029.0, -980.0, -1123.0, -1308.0, -1307.0, -1392.0, nan, nan, nan, nan, nan, nan, nan, nan, nan, nan, nan, nan, nan, nan, nan, nan, nan, nan, nan, nan]
    Left Gait Cycle Time: [88.0, 113.0, 106.0, 83.0, 104.0, 342.0, 163.0, 55.0, 44.0, 33.0, 49.0, 208.0, 212.0, 123.0, nan]
    Cadence: [0.0012706480304955528, 0.0012315270935960591, 0.0011682242990654205, 0.0011402508551881414, 0.0011210762331838565, 0.0008818342151675485, 0.0008149959250203749, 0.0008203445447087777, 0.0008333333333333334, 0.0008410428931875525, 0.000881057268722467, 0.0008032128514056225, 0.0007097232079489, 0.0006666666666666666, nan, nan, nan, nan, nan, nan, nan, nan, nan, nan, nan, nan, nan, nan, nan, nan, nan, nan, nan, nan, nan, nan]
    Right Single Support Percentage: [242.04545454545453, 237.0967741935484, 220.96774193548384, 162.92134831460675, 161.0, 607.1428571428571, 652.3809523809524, 230.15873015873015, 140.9090909090909, 53.398058252427184, 67.3469387755102, 489.5833333333333, 859.375, 326.9230769230769, nan, nan, nan, nan, nan, nan, nan, nan, nan, nan, nan, nan, nan, nan, nan, nan, nan, nan, nan, nan, nan, nan]
    Left Single Support Percentage: [40.909090909090914, 67.74193548387096, 35.483870967741936, 50.56179775280899, 38.0, 51.42857142857142, 58.730158730158735, 63.49206349206349, 45.45454545454545, 58.252427184466015, 59.183673469387756, 37.5, 65.625, 57.692307692307686, 29.268292682926827, 47.91666666666667, 73.63636363636363, 20.0, 34.66666666666667, 37.5, 69.33333333333334, 50.0, 61.224489795918366, 64.51612903225806, 40.0, 65.4320987654321, 54.45544554455446, 72.6027397260274, 25.71428571428571, 26.190476190476193, 39.0625, 60.0, 15.873015873015872, 44.57831325301205, 43.75, nan]
    Double Support Percentage: [201.13636363636363, 87.09677419354838, 114.51612903225808, 119.10112359550563, 119.0, 167.14285714285714, 434.9206349206349, 179.36507936507937, 95.45454545454545, 63.10679611650486, 58.16326530612245, 118.75, 231.25, 132.69230769230768, 171.9512195121951, nan, nan, nan, nan, nan, nan, nan, nan, nan, nan, nan, nan, nan, nan, nan, nan, nan, nan, nan, nan, nan]
    Right Stance Phase Percentage: [59.09090909090909, 32.25806451612903, 64.51612903225806, 49.43820224719101, 62.0, 48.57142857142857, 41.269841269841265, 36.507936507936506, 54.54545454545454, 41.74757281553398, 40.816326530612244, 62.5, 34.375, 42.30769230769231, 70.73170731707317, 52.083333333333336, 26.36363636363636, 80.0, 65.33333333333333, 62.5, 30.666666666666664, 50.0, 38.775510204081634, 35.483870967741936, 60.0, 34.5679012345679, 45.54455445544555, 27.397260273972602, 74.28571428571429, 73.80952380952381, 60.9375, 40.0, 84.12698412698413, 55.42168674698795, 56.25, nan]
    Left Stance Phase Percentage: [242.04545454545453, 237.0967741935484, 220.96774193548384, 162.92134831460675, 161.0, 607.1428571428571, 652.3809523809524, 230.15873015873015, 140.9090909090909, 53.398058252427184, 67.3469387755102, 489.5833333333333, 859.375, 326.9230769230769, nan, nan, nan, nan, nan, nan, nan, nan, nan, nan, nan, nan, nan, nan, nan, nan, nan, nan, nan, nan, nan, nan]
    Right Loading Response Percentage: [794.3181818181819, 1127.4193548387095, 1209.6774193548388, 892.134831460674, 788.0, 1131.4285714285716, 1688.888888888889, 1847.6190476190475, 2627.2727272727275, 1122.3300970873786, 1108.1632653061224, 2160.416666666667, 3740.625, 2648.076923076923, 1765.8536585365855, nan, nan, nan, nan, nan, nan, nan, nan, nan, nan, nan, nan, nan, nan, nan, nan, nan, nan, nan, nan, nan]
    Left Loading Response Percentage: [-593.1818181818181, -1040.3225806451612, -1095.1612903225805, -773.0337078651686, -669.0, -964.2857142857142, -1253.968253968254, -1668.2539682539684, -2531.8181818181815, -1059.2233009708737, -1050.0, -2041.6666666666667, -3509.375, -2515.3846153846152, -1593.9024390243903, -2900.0, nan, nan, nan, nan, nan, nan, nan, nan, nan, nan, nan, nan, nan, nan, nan, nan, nan, nan, nan, nan]

