total_metrics:
  Gait Cycle:
    Steps: 24
    Right Single Support Time: [390.0, 87.0, 154.0, 190.0, 347.0, 245.0, 291.0, 78.0, 487.0, nan, nan]
    Left Single Support Time: [51.0, 21.0, 34.0, 34.0, 90.0, 25.0, 25.0, 8.0, 47.0, 14.0, 38.0, 26.0, 15.0, 24.0, 30.0, 23.0, 18.0, 29.0, 47.0, 22.0, 32.0, 61.0, 64.0, 33.0, nan]
    Double Support Time: [85.0, 74.0, 55.0, 74.0, 169.0, 152.0, 91.0, 50.0, 71.0, 52.0, nan, nan, nan, nan, nan, nan, nan, nan, nan, nan, nan, nan, nan, nan, nan]
    Right Stance Phase Duration: [49.0, 53.0, 12.0, 45.0, 35.0, 49.0, 21.0, 31.0, 38.0, 26.0, 3.0, 21.0, 23.0, 60.0, 13.0, 20.0, 29.0, 48.0, 61.0, 49.0, 33.0, 37.0, 47.0, 88.0, nan]
    Left Stance Phase Duration: [390.0, 87.0, 154.0, 190.0, 347.0, 245.0, 291.0, 78.0, 487.0, nan, nan]
    Right Load Response Time: [464.0, 718.0, 710.0, 775.0, 857.0, 945.0, 1013.0, 1188.0, 1208.0, 1577.0, nan, nan, nan, nan, nan, nan, nan, nan, nan, nan, nan, nan, nan, nan, nan]
    Right Gait Cycle Time: [100.0, 74.0, 46.0, 79.0, 125.0, 74.0, 46.0, 39.0, 85.0, 40.0, 41.0, 47.0, 38.0, 84.0, 43.0, 43.0, 47.0, 77.0, 108.0, 71.0, 65.0, 98.0, 111.0, 121.0, nan]
    Left Load Response Time: [-379.0, -644.0, -655.0, -701.0, -688.0, -793.0, -922.0, -1138.0, -1137.0, -1525.0, -1556.0, nan, nan, nan, nan, nan, nan, nan, nan, nan, nan, nan, nan, nan]
    Left Gait Cycle Time: [354.0, 66.0, 111.0, 161.0, 213.0, 142.0, 221.0, 59.0, 454.0, nan]
    Cadence: [0.0012224938875305623, 0.0012755102040816326, 0.001218026796589525, 0.0010683760683760685, 0.0009345794392523365, 0.0009199632014719411, 0.0008103727714748784, 0.0008019246190858059, 0.0006016847172081829, nan, nan, nan, nan, nan, nan, nan, nan, nan, nan, nan, nan, nan, nan, nan, nan]
    Right Single Support Percentage: [390.0, 117.56756756756756, 334.7826086956522, 240.50632911392404, 277.59999999999997, 331.0810810810811, 632.6086956521739, 200.0, 572.9411764705883, nan, nan, nan, nan, nan, nan, nan, nan, nan, nan, nan, nan, nan, nan, nan, nan]
    Left Single Support Percentage: [51.0, 28.37837837837838, 73.91304347826086, 43.037974683544306, 72.0, 33.78378378378378, 54.347826086956516, 20.51282051282051, 55.294117647058826, 35.0, 92.6829268292683, 55.319148936170215, 39.473684210526315, 28.57142857142857, 69.76744186046511, 53.48837209302325, 38.297872340425535, 37.66233766233766, 43.51851851851852, 30.985915492957744, 49.23076923076923, 62.244897959183675, 57.65765765765766, 27.27272727272727, nan]
    Double Support Percentage: [85.0, 100.0, 119.56521739130434, 93.67088607594937, 135.20000000000002, 205.4054054054054, 197.82608695652172, 128.2051282051282, 83.52941176470588, 130.0, nan, nan, nan, nan, nan, nan, nan, nan, nan, nan, nan, nan, nan, nan, nan]
    Right Stance Phase Percentage: [49.0, 71.62162162162163, 26.08695652173913, 56.9620253164557, 28.000000000000004, 66.21621621621621, 45.65217391304348, 79.48717948717949, 44.70588235294118, 65.0, 7.317073170731707, 44.680851063829785, 60.526315789473685, 71.42857142857143, 30.23255813953488, 46.51162790697674, 61.702127659574465, 62.33766233766234, 56.481481481481474, 69.01408450704226, 50.76923076923077, 37.755102040816325, 42.34234234234234, 72.72727272727273, nan]
    Left Stance Phase Percentage: [390.0, 117.56756756756756, 334.7826086956522, 240.50632911392404, 277.59999999999997, 331.0810810810811, 632.6086956521739, 200.0, 572.9411764705883, nan, nan, nan, nan, nan, nan, nan, nan, nan, nan, nan, nan, nan, nan, nan, nan]
    Right Loading Response Percentage: [463.99999999999994, 970.2702702702703, 1543.4782608695652, 981.0126582278482, 685.6, 1277.027027027027, 2202.173913043478, 3046.153846153846, 1421.1764705882351, 3942.4999999999995, nan, nan, nan, nan, nan, nan, nan, nan, nan, nan, nan, nan, nan, nan, nan]
    Left Loading Response Percentage: [-379.0, -870.2702702702703, -1423.913043478261, -887.3417721518987, -550.4, -1071.6216216216217, -2004.3478260869567, -2917.948717948718, -1337.6470588235295, -3812.5, -3795.1219512195125, nan, nan, nan, nan, nan, nan, nan, nan, nan, nan, nan, nan, nan, nan]

