total_metrics:
  Gait Cycle:
    Right Single Support Time: [17.0, 22.0, 17.0, 27.0, 63.0, 47.0, 82.0, nan]
    Left Single Support Time: [60.0, 91.0, 84.0, 99.0, 154.0, 128.0, 88.0, 51.0, 75.0, 69.0, nan]
    Double Support Time: [-52.0, -48.0, -55.0, -40.0, -198.0, -220.0, -94.0, nan, nan, nan, nan]
    Right Stance Phase Duration: [-15, -26, -39, -18, -53, -55, -53, -9, -11, -25, -26]
    Left Stance Phase Duration: [17.0, 22.0, 17.0, 27.0, 63.0, 47.0, 82.0, nan]
    Right Load Response Time: [50.0, 59.0, 38.0, 26.0, -6.0, 101.0, 240.0, 328.0, nan, nan, nan]
    Right Gait Cycle Time: [45.0, 65.0, 45.0, 81.0, 101.0, 73.0, 35.0, 42.0, 64.0, 44.0, nan]
    Left Load Response Time: [-102.0, -107.0, -93.0, -66.0, -192.0, -321.0, -334.0, nan, nan, nan, nan]
    Left Gait Cycle Time: [54.0, 44.0, 33.0, 49.0, 208.0, 212.0, 123.0, nan]
    Cadence: [0.009615384615384616, 0.009708737864077669, 0.014084507042253521, 0.013333333333333334, 0.0049504950495049506, 0.003194888178913738, 0.0027548209366391185, nan, nan, nan, nan]
    Right Single Support Percentage: [37.77777777777778, 33.84615384615385, 37.77777777777778, 33.33333333333333, 62.37623762376238, 64.38356164383562, 234.2857142857143, nan, nan, nan, nan]
    Left Single Support Percentage: [133.33333333333331, 140.0, 186.66666666666666, 122.22222222222223, 152.4752475247525, 175.34246575342465, 251.42857142857142, 121.42857142857142, 117.1875, 156.8181818181818, nan]
    Double Support Percentage: [-115.55555555555554, -73.84615384615385, -122.22222222222223, -49.382716049382715, -196.03960396039605, -301.36986301369865, -268.57142857142856, nan, nan, nan, nan]
    Right Stance Phase Percentage: [-33.33333333333333, -40.0, -86.66666666666667, -22.22222222222222, -52.475247524752476, -75.34246575342466, -151.42857142857142, -21.428571428571427, -17.1875, -56.81818181818182, nan]
    Left Stance Phase Percentage: [37.77777777777778, 33.84615384615385, 37.77777777777778, 33.33333333333333, 62.37623762376238, 64.38356164383562, 234.2857142857143, nan, nan, nan, nan]
    Right Loading Response Percentage: [111.11111111111111, 90.76923076923077, 84.44444444444444, 32.098765432098766, -5.9405940594059405, 138.35616438356163, 685.7142857142857, 780.952380952381, nan, nan, nan]
    Left Loading Response Percentage: [-226.66666666666666, -164.6153846153846, -206.66666666666669, -81.48148148148148, -190.0990099009901, -439.7260273972603, -954.2857142857142, nan, nan, nan, nan]

