total_metrics:
  Gait Cycle:
    Steps: 17
    Right Single Support Time: [67.0, 160.0, 236.0, 347.0, 160.0, 367.0, 115.0, 102.0, 137.0, 75.0, 344.0, 77.0, 167.0, 106.0, 119.0, 246.0, 217.0, 111.0, 172.0, nan, nan]
    Left Single Support Time: [62.0, 69.0, 121.0, 100.0, 55.0, 66.0, 84.0, 63.0, 94.0, 88.0, 91.0, 71.0, 77.0, 68.0, 69.0, 66.0, 47.0, 126.0, 107.0, 71.0, 88.0, 77.0, 143.0, 168.0, 77.0, 57.0, 104.0, 93.0, 71.0, 63.0, 75.0, 95.0, 67.0, 52.0, 76.0, 70.0, 62.0, 81.0, 62.0, 60.0, 61.0, 100.0, 98.0, 50.0, 66.0, 80.0, 76.0, 51.0, 64.0, 106.0, 95.0, 81.0, nan, nan]
    Double Support Time: [1.0, -5.0, 2.0, 151.0, 37.0, 56.0, 33.0, 1.0, 37.0, -26.0, 15.0, 0.0, -9.0, 10.0, 35.0, 7.0, 19.0, 5.0, 1.0, 43.0, nan, nan, nan, nan, nan, nan, nan, nan, nan, nan, nan, nan, nan, nan, nan, nan, nan, nan, nan, nan, nan, nan, nan, nan, nan, nan, nan, nan, nan, nan, nan, nan, nan, nan]
    Right Stance Phase Duration: [-18.0, -30.0, -26.0, -40.0, -21.0, -19.0, -36.0, -21.0, -20.0, -46.0, -16.0, -23.0, -41.0, -13.0, -25.0, -22.0, -12.0, -20.0, -63.0, -25.0, -34.0, -20.0, -9.0, -79.0, -47.0, -8.0, -36.0, -46.0, -20.0, -16.0, -31.0, -24.0, -22.0, -7.0, -34.0, -19.0, -17.0, -36.0, -19.0, -17.0, -23.0, -28.0, -39.0, -14.0, -25.0, -25.0, -28.0, -13.0, -15.0, -37.0, -29.0, -44.0, -20.0, nan]
    Left Stance Phase Duration: [67.0, 160.0, 236.0, 347.0, 160.0, 367.0, 115.0, 102.0, 137.0, 75.0, 344.0, 77.0, 167.0, 106.0, 119.0, 246.0, 217.0, 111.0, 172.0, nan, nan]
    Right Load Response Time: [129.0, 133.0, 229.0, 342.0, 438.0, 506.0, 751.0, 749.0, 787.0, 793.0, 806.0, 1044.0, 1050.0, 1149.0, 1177.0, 1192.0, 1365.0, 1516.0, 1496.0, 1560.0, nan, nan, nan, nan, nan, nan, nan, nan, nan, nan, nan, nan, nan, nan, nan, nan, nan, nan, nan, nan, nan, nan, nan, nan, nan, nan, nan, nan, nan, nan, nan, nan, nan]
    Right Gait Cycle Time: [44.0, 39.0, 95.0, 60.0, 34.0, 47.0, 48.0, 42.0, 74.0, 42.0, 75.0, 48.0, 36.0, 55.0, 44.0, 44.0, 35.0, 106.0, 44.0, 46.0, 54.0, 57.0, 134.0, 89.0, 30.0, 49.0, 68.0, 47.0, 51.0, 47.0, 44.0, 71.0, 45.0, 45.0, 42.0, 51.0, 45.0, 45.0, 43.0, 43.0, 38.0, 72.0, 59.0, 36.0, 41.0, 55.0, 48.0, 38.0, 49.0, 69.0, 66.0, 37.0, nan]
    Left Load Response Time: [-128.0, -138.0, -227.0, -191.0, -401.0, -450.0, -718.0, -748.0, -750.0, -819.0, -791.0, -1044.0, -1059.0, -1139.0, -1142.0, -1185.0, -1346.0, -1511.0, -1495.0, -1517.0, -1574.0, nan, nan, nan, nan, nan, nan, nan, nan, nan, nan, nan, nan, nan, nan, nan, nan, nan, nan, nan, nan, nan, nan, nan, nan, nan, nan, nan, nan, nan, nan, nan, nan, nan]
    Left Gait Cycle Time: [48.0, 135.0, 208.0, 156.0, 102.0, 292.0, 46.0, 80.0, 80.0, 55.0, 313.0, 54.0, 135.0, 83.0, 59.0, 217.0, 186.0, 86.0, 108.0, nan]
    Cadence: [0.005649717514124294, 0.0037313432835820895, 0.002288329519450801, 0.002008032128514056, 0.001851851851851852, 0.0012531328320802004, 0.0012547051442910915, 0.0012062726176115801, 0.0011534025374855825, 0.0011792452830188679, 0.0008936550491510277, 0.0009107468123861566, 0.0008438818565400844, 0.0008116883116883117, 0.0008090614886731392, 0.0007097232079489, 0.0006447453255963894, 0.0006242197253433209, 0.0006234413965087282, nan, nan, nan, nan, nan, nan, nan, nan, nan, nan, nan, nan, nan, nan, nan, nan, nan, nan, nan, nan, nan, nan, nan, nan, nan, nan, nan, nan, nan, nan, nan, nan, nan, nan]
    Right Single Support Percentage: [152.27272727272728, 410.2564102564102, 248.42105263157896, 578.3333333333334, 470.5882352941177, 780.8510638297872, 239.58333333333334, 242.85714285714283, 185.13513513513513, 178.57142857142858, 458.6666666666667, 160.41666666666669, 463.8888888888889, 192.72727272727272, 270.45454545454544, 559.0909090909091, 620.0, 104.71698113207549, 390.90909090909093, nan, nan, nan, nan, nan, nan, nan, nan, nan, nan, nan, nan, nan, nan, nan, nan, nan, nan, nan, nan, nan, nan, nan, nan, nan, nan, nan, nan, nan, nan, nan, nan, nan, nan]
    Left Single Support Percentage: [140.9090909090909, 176.9230769230769, 127.36842105263158, 166.66666666666669, 161.76470588235296, 140.4255319148936, 175.0, 150.0, 127.02702702702702, 209.52380952380955, 121.33333333333334, 147.91666666666669, 213.88888888888889, 123.63636363636363, 156.8181818181818, 150.0, 134.28571428571428, 118.86792452830188, 243.18181818181816, 154.34782608695653, 162.96296296296296, 135.08771929824562, 106.71641791044777, 188.7640449438202, 256.6666666666667, 116.3265306122449, 152.94117647058823, 197.87234042553192, 139.2156862745098, 134.04255319148936, 170.45454545454547, 133.80281690140845, 148.88888888888889, 115.55555555555554, 180.95238095238096, 137.2549019607843, 137.77777777777777, 180.0, 144.1860465116279, 139.53488372093022, 160.5263157894737, 138.88888888888889, 166.10169491525423, 138.88888888888889, 160.97560975609758, 145.45454545454547, 158.33333333333331, 134.21052631578948, 130.6122448979592, 153.6231884057971, 143.93939393939394, 218.9189189189189, nan, nan]
    Double Support Percentage: [2.272727272727273, -12.82051282051282, 2.1052631578947367, 251.66666666666666, 108.8235294117647, 119.14893617021276, 68.75, 2.380952380952381, 50.0, -61.904761904761905, 20.0, 0.0, -25.0, 18.181818181818183, 79.54545454545455, 15.909090909090908, 54.285714285714285, 4.716981132075472, 2.272727272727273, 93.47826086956522, nan, nan, nan, nan, nan, nan, nan, nan, nan, nan, nan, nan, nan, nan, nan, nan, nan, nan, nan, nan, nan, nan, nan, nan, nan, nan, nan, nan, nan, nan, nan, nan, nan, nan]
    Right Stance Phase Percentage: [-40.909090909090914, -76.92307692307693, -27.368421052631582, -66.66666666666666, -61.76470588235294, -40.42553191489361, -75.0, -50.0, -27.027027027027028, -109.52380952380953, -21.333333333333336, -47.91666666666667, -113.88888888888889, -23.636363636363637, -56.81818181818182, -50.0, -34.285714285714285, -18.867924528301888, -143.1818181818182, -54.347826086956516, -62.96296296296296, -35.08771929824561, -6.7164179104477615, -88.76404494382022, -156.66666666666666, -16.3265306122449, -52.94117647058824, -97.87234042553192, -39.21568627450981, -34.04255319148936, -70.45454545454545, -33.80281690140845, -48.888888888888886, -15.555555555555555, -80.95238095238095, -37.254901960784316, -37.77777777777778, -80.0, -44.18604651162791, -39.53488372093023, -60.526315789473685, -38.88888888888889, -66.10169491525424, -38.88888888888889, -60.97560975609756, -45.45454545454545, -58.333333333333336, -34.21052631578947, -30.612244897959183, -53.62318840579711, -43.93939393939394, -118.91891891891892, nan, nan]
    Left Stance Phase Percentage: [152.27272727272728, 410.2564102564102, 248.42105263157896, 578.3333333333334, 470.5882352941177, 780.8510638297872, 239.58333333333334, 242.85714285714283, 185.13513513513513, 178.57142857142858, 458.6666666666667, 160.41666666666669, 463.8888888888889, 192.72727272727272, 270.45454545454544, 559.0909090909091, 620.0, 104.71698113207549, 390.90909090909093, nan, nan, nan, nan, nan, nan, nan, nan, nan, nan, nan, nan, nan, nan, nan, nan, nan, nan, nan, nan, nan, nan, nan, nan, nan, nan, nan, nan, nan, nan, nan, nan, nan, nan]
    Right Loading Response Percentage: [293.1818181818182, 341.025641025641, 241.05263157894737, 570.0, 1288.235294117647, 1076.595744680851, 1564.5833333333335, 1783.3333333333333, 1063.5135135135135, 1888.095238095238, 1074.6666666666665, 2175.0, 2916.666666666667, 2089.090909090909, 2675.0, 2709.090909090909, 3900.0, 1430.188679245283, 3400.0, 3391.3043478260865, nan, nan, nan, nan, nan, nan, nan, nan, nan, nan, nan, nan, nan, nan, nan, nan, nan, nan, nan, nan, nan, nan, nan, nan, nan, nan, nan, nan, nan, nan, nan, nan, nan]
    Left Loading Response Percentage: [-290.90909090909093, -353.8461538461538, -238.94736842105263, -318.3333333333333, -1179.4117647058824, -957.4468085106383, -1495.8333333333335, -1780.952380952381, -1013.5135135135135, -1950.0, -1054.6666666666667, -2175.0, -2941.666666666667, -2070.909090909091, -2595.4545454545455, -2693.1818181818185, -3845.7142857142853, -1425.4716981132076, -3397.7272727272725, -3297.826086956522, -2914.814814814815, nan, nan, nan, nan, nan, nan, nan, nan, nan, nan, nan, nan, nan, nan, nan, nan, nan, nan, nan, nan, nan, nan, nan, nan, nan, nan, nan, nan, nan, nan, nan, nan, nan]

