total_metrics:
  Gait Cycle:
    Steps: 10
    Right Single Support Time: [249.0, 277.0, 540.0, 202.0, 130.0, 224.0, 592.0, 79.0, 110.0, 87.0, 205.0, 263.0, 505.0, 143.0, nan, nan]
    Left Single Support Time: [56.0, 66.0, 71.0, 62.0, 67.0, 87.0, 65.0, 82.0, 78.0, 110.0, 68.0, 92.0, 97.0, 177.0, 118.0, 101.0, 210.0, 116.0, 78.0, 50.0, 65.0, 72.0, 64.0, 52.0, 62.0, 71.0, 62.0, 58.0, 77.0, 42.0, 64.0, 73.0, 67.0, 93.0, 107.0, 54.0, 120.0, 207.0, 244.0, 157.0, 170.0, 192.0, nan]
    Double Support Time: [15.0, 107.0, 86.0, 53.0, 20.0, -15.0, 97.0, -1.0, 2.0, -3.0, -3.0, 140.0, 47.0, 31.0, -39.0, nan, nan, nan, nan, nan, nan, nan, nan, nan, nan, nan, nan, nan, nan, nan, nan, nan, nan, nan, nan, nan, nan, nan, nan, nan, nan, nan, nan]
    Right Stance Phase Duration: [-20, -21, -30, -20, -10, -49, -16, -23, -28, -35, -26, -22, -19, -59, -61, -18, -69, -50, -35, -13, -22, -30, -22, -14, -19, -28, -21, -14, -32, -11, -26, -27, -11, -43, -35, -11, -33, -19, -146, -44, -57, -60, -109]
    Left Stance Phase Duration: [249.0, 277.0, 540.0, 202.0, 130.0, 224.0, 592.0, 79.0, 110.0, 87.0, 205.0, 263.0, 505.0, 143.0, nan, nan]
    Right Load Response Time: [200.0, 378.0, 482.0, 865.0, 952.0, 995.0, 1147.0, 1577.0, 1575.0, 1605.0, 1585.0, 1725.0, 1756.0, 2117.0, 2052.0, nan, nan, nan, nan, nan, nan, nan, nan, nan, nan, nan, nan, nan, nan, nan, nan, nan, nan, nan, nan, nan, nan, nan, nan, nan, nan, nan, nan]
    Right Gait Cycle Time: [36.0, 45.0, 41.0, 42.0, 57.0, 38.0, 49.0, 59.0, 50.0, 75.0, 42.0, 70.0, 78.0, 118.0, 57.0, 83.0, 141.0, 66.0, 43.0, 37.0, 43.0, 42.0, 42.0, 38.0, 43.0, 43.0, 41.0, 44.0, 45.0, 31.0, 38.0, 46.0, 56.0, 50.0, 72.0, 43.0, 87.0, 188.0, 98.0, 113.0, 113.0, 132.0, nan]
    Left Load Response Time: [-185.0, -271.0, -396.0, -812.0, -932.0, -1010.0, -1050.0, -1578.0, -1573.0, -1608.0, -1588.0, -1585.0, -1709.0, -2086.0, -2091.0, -2036.0, nan, nan, nan, nan, nan, nan, nan, nan, nan, nan, nan, nan, nan, nan, nan, nan, nan, nan, nan, nan, nan, nan, nan, nan, nan, nan, nan]
    Left Gait Cycle Time: [214.0, 149.0, 424.0, 129.0, 100.0, 190.0, 479.0, 57.0, 80.0, 55.0, 182.0, 101.0, 439.0, 53.0, nan]
    Cadence: [0.0024154589371980675, 0.0018975332068311196, 0.0011037527593818985, 0.001006036217303823, 0.0009505703422053232, 0.0008438818565400844, 0.0006150061500615006, 0.0006119951040391676, 0.0006042296072507553, 0.0006024096385542169, 0.0005659309564233164, 0.000547645125958379, 0.00045558086560364467, 0.0004608294930875576, nan, nan, nan, nan, nan, nan, nan, nan, nan, nan, nan, nan, nan, nan, nan, nan, nan, nan, nan, nan, nan, nan, nan, nan, nan, nan, nan, nan, nan]
    Right Single Support Percentage: [691.6666666666667, 615.5555555555555, 1317.0731707317073, 480.9523809523809, 228.0701754385965, 589.4736842105262, 1208.1632653061224, 133.89830508474577, 220.00000000000003, 115.99999999999999, 488.09523809523813, 375.7142857142857, 647.4358974358975, 121.18644067796612, nan, nan, nan, nan, nan, nan, nan, nan, nan, nan, nan, nan, nan, nan, nan, nan, nan, nan, nan, nan, nan, nan, nan, nan, nan, nan, nan, nan, nan]
    Left Single Support Percentage: [155.55555555555557, 146.66666666666666, 173.17073170731706, 147.61904761904762, 117.54385964912282, 228.9473684210526, 132.6530612244898, 138.98305084745763, 156.0, 146.66666666666666, 161.9047619047619, 131.42857142857142, 124.35897435897436, 150.0, 207.01754385964915, 121.6867469879518, 148.93617021276594, 175.75757575757575, 181.3953488372093, 135.13513513513513, 151.1627906976744, 171.42857142857142, 152.38095238095238, 136.8421052631579, 144.1860465116279, 165.11627906976744, 151.21951219512195, 131.8181818181818, 171.11111111111111, 135.48387096774192, 168.42105263157893, 158.69565217391303, 119.64285714285714, 186.0, 148.61111111111111, 125.5813953488372, 137.93103448275863, 110.10638297872339, 248.9795918367347, 138.93805309734512, 150.44247787610618, 145.45454545454547, nan]
    Double Support Percentage: [41.66666666666667, 237.77777777777777, 209.7560975609756, 126.19047619047619, 35.08771929824561, -39.473684210526315, 197.9591836734694, -1.694915254237288, 4.0, -4.0, -7.142857142857142, 200.0, 60.256410256410255, 26.27118644067797, -68.42105263157895, nan, nan, nan, nan, nan, nan, nan, nan, nan, nan, nan, nan, nan, nan, nan, nan, nan, nan, nan, nan, nan, nan, nan, nan, nan, nan, nan, nan]
    Right Stance Phase Percentage: [-55.55555555555556, -46.666666666666664, -73.17073170731707, -47.61904761904761, -17.543859649122805, -128.94736842105263, -32.6530612244898, -38.983050847457626, -56.00000000000001, -46.666666666666664, -61.904761904761905, -31.428571428571427, -24.358974358974358, -50.0, -107.01754385964912, -21.686746987951807, -48.93617021276596, -75.75757575757575, -81.3953488372093, -35.13513513513514, -51.162790697674424, -71.42857142857143, -52.38095238095239, -36.84210526315789, -44.18604651162791, -65.11627906976744, -51.21951219512195, -31.818181818181817, -71.11111111111111, -35.483870967741936, -68.42105263157895, -58.69565217391305, -19.642857142857142, -86.0, -48.61111111111111, -25.581395348837212, -37.93103448275862, -10.106382978723403, -148.9795918367347, -38.93805309734513, -50.442477876106196, -45.45454545454545, nan]
    Left Stance Phase Percentage: [691.6666666666667, 615.5555555555555, 1317.0731707317073, 480.9523809523809, 228.0701754385965, 589.4736842105262, 1208.1632653061224, 133.89830508474577, 220.00000000000003, 115.99999999999999, 488.09523809523813, 375.7142857142857, 647.4358974358975, 121.18644067796612, nan, nan, nan, nan, nan, nan, nan, nan, nan, nan, nan, nan, nan, nan, nan, nan, nan, nan, nan, nan, nan, nan, nan, nan, nan, nan, nan, nan, nan]
    Right Loading Response Percentage: [555.5555555555555, 840.0, 1175.6097560975609, 2059.5238095238096, 1670.1754385964912, 2618.421052631579, 2340.816326530612, 2672.8813559322034, 3150.0, 2140.0, 3773.809523809524, 2464.285714285714, 2251.2820512820513, 1794.0677966101696, 3600.0, nan, nan, nan, nan, nan, nan, nan, nan, nan, nan, nan, nan, nan, nan, nan, nan, nan, nan, nan, nan, nan, nan, nan, nan, nan, nan, nan, nan]
    Left Loading Response Percentage: [-513.8888888888889, -602.2222222222222, -965.8536585365854, -1933.3333333333333, -1635.0877192982455, -2657.894736842105, -2142.8571428571427, -2674.576271186441, -3146.0, -2144.0, -3780.952380952381, -2264.285714285714, -2191.0256410256407, -1767.7966101694917, -3668.4210526315787, -2453.012048192771, nan, nan, nan, nan, nan, nan, nan, nan, nan, nan, nan, nan, nan, nan, nan, nan, nan, nan, nan, nan, nan, nan, nan, nan, nan, nan, nan]

