total_metrics:
  Gait Cycle:
    Steps: 3
    Right Single Support Time: [102.0, 137.0, 75.0, 344.0, 77.0, 167.0, nan, nan]
    Left Single Support Time: [26.0, 34.0, 20.0, 9.0, 80.0, 47.0, 8.0, 36.0, 45.0, 19.0, nan]
    Double Support Time: [37.0, 69.0, 54.0, 79.0, 78.0, 73.0, 45.0, nan, nan, nan, nan]
    Right Stance Phase Duration: [16.0, 12.0, 34.0, 48.0, 55.0, 41.0, 22.0, 13.0, 22.0, 28.0, nan]
    Left Stance Phase Duration: [102.0, 137.0, 75.0, 344.0, 77.0, 167.0, nan, nan]
    Right Load Response Time: [33.0, 72.0, 106.0, 107.0, 363.0, 282.0, 329.0, nan, nan, nan, nan]
    Right Gait Cycle Time: [42.0, 46.0, 54.0, 57.0, 135.0, 88.0, 30.0, 49.0, 67.0, 47.0, nan]
    Left Load Response Time: [4.0, -3.0, -52.0, -28.0, -285.0, -209.0, -284.0, -308.0, nan, nan]
    Left Gait Cycle Time: [81.0, 80.0, 55.0, 313.0, 54.0, 135.0, nan]
    Cadence: [0.008771929824561403, 0.006578947368421052, 0.006211180124223602, 0.002380952380952381, 0.002398081534772182, 0.002398081534772182, nan, nan, nan, nan, nan]
    Right Single Support Percentage: [242.85714285714283, 297.82608695652175, 138.88888888888889, 603.5087719298245, 57.03703703703704, 189.77272727272728, nan, nan, nan, nan, nan]
    Left Single Support Percentage: [61.904761904761905, 73.91304347826086, 37.03703703703704, 15.789473684210526, 59.25925925925925, 53.40909090909091, 26.666666666666668, 73.46938775510205, 67.16417910447761, 40.42553191489361, nan]
    Double Support Percentage: [88.09523809523809, 150.0, 100.0, 138.5964912280702, 57.77777777777777, 82.95454545454545, 150.0, nan, nan, nan, nan]
    Right Stance Phase Percentage: [38.095238095238095, 26.08695652173913, 62.96296296296296, 84.21052631578947, 40.74074074074074, 46.590909090909086, 73.33333333333333, 26.53061224489796, 32.83582089552239, 59.57446808510638, nan]
    Left Stance Phase Percentage: [242.85714285714283, 297.82608695652175, 138.88888888888889, 603.5087719298245, 57.03703703703704, 189.77272727272728, nan, nan, nan, nan, nan]
    Right Loading Response Percentage: [78.57142857142857, 156.52173913043478, 196.2962962962963, 187.71929824561403, 268.8888888888889, 320.45454545454544, 1096.6666666666667, nan, nan, nan, nan]
    Left Loading Response Percentage: [9.523809523809524, -6.521739130434782, -96.29629629629629, -49.122807017543856, -211.11111111111111, -237.5, -946.6666666666666, -628.5714285714286, nan, nan, nan]

