total_metrics:
  Gait Cycle:
    Steps: 19
    Right Single Support Time: [75.0, 173.0, 198.0, 152.0, 959.0, 219.0, 146.0, 91.0, nan, nan]
    Left Single Support Time: [29.0, 37.0, 38.0, 43.0, 37.0, 43.0, 33.0, 41.0, 32.0, 15.0, 30.0, 36.0, 83.0, 37.0, 37.0, 35.0, 30.0, 34.0, 45.0, 48.0, 39.0, 18.0, 34.0, 16.0, 24.0, 26.0, 18.0, 25.0, 22.0, 24.0, 14.0, 38.0, 48.0, 51.0, 3.0, 54.0, 50.0, 41.0, nan]
    Double Support Time: [55.0, 63.0, 134.0, 77.0, 111.0, 111.0, 92.0, 78.0, 65.0, nan, nan, nan, nan, nan, nan, nan, nan, nan, nan, nan, nan, nan, nan, nan, nan, nan, nan, nan, nan, nan, nan, nan, nan, nan, nan, nan, nan, nan, nan]
    Right Stance Phase Duration: [33.0, 34.0, 29.0, 45.0, 40.0, 40.0, 31.0, 43.0, 39.0, 25.0, 3.0, 15.0, 51.0, 82.0, 43.0, 35.0, 37.0, 39.0, 40.0, 53.0, 35.0, 22.0, 8.0, 23.0, 35.0, 19.0, 28.0, 20.0, 33.0, 20.0, 32.0, 35.0, 38.0, 38.0, 48.0, 62.0, 44.0, 23.0, nan]
    Left Stance Phase Duration: [75.0, 173.0, 198.0, 152.0, 959.0, 219.0, 146.0, 91.0, nan, nan]
    Right Load Response Time: [1045.0, 1036.0, 1109.0, 1135.0, 1167.0, 1978.0, 2043.0, 2064.0, 2036.0, nan, nan, nan, nan, nan, nan, nan, nan, nan, nan, nan, nan, nan, nan, nan, nan, nan, nan, nan, nan, nan, nan, nan, nan, nan, nan, nan, nan, nan, nan]
    Right Gait Cycle Time: [62.0, 71.0, 67.0, 88.0, 77.0, 83.0, 64.0, 84.0, 71.0, 40.0, 33.0, 51.0, 134.0, 119.0, 80.0, 70.0, 67.0, 73.0, 85.0, 101.0, 74.0, 40.0, 42.0, 39.0, 59.0, 45.0, 46.0, 45.0, 55.0, 44.0, 46.0, 73.0, 86.0, 89.0, 51.0, 116.0, 94.0, 64.0, nan]
    Left Load Response Time: [-990.0, -973.0, -975.0, -1058.0, -1056.0, -1867.0, -1951.0, -1986.0, -1971.0, -1961.0, nan, nan, nan, nan, nan, nan, nan, nan, nan, nan, nan, nan, nan, nan, nan, nan, nan, nan, nan, nan, nan, nan, nan, nan, nan, nan, nan, nan]
    Left Gait Cycle Time: [53.0, 144.0, 93.0, 120.0, 888.0, 148.0, 85.0, 56.0, nan]
    Cadence: [0.0009107468123861566, 0.000847457627118644, 0.0008319467554076539, 0.0007968127490039841, 0.00048661800486618007, 0.00047036688617121356, 0.00046992481203007516, 0.0004716981132075472, nan, nan, nan, nan, nan, nan, nan, nan, nan, nan, nan, nan, nan, nan, nan, nan, nan, nan, nan, nan, nan, nan, nan, nan, nan, nan, nan, nan, nan, nan, nan]
    Right Single Support Percentage: [120.96774193548387, 243.6619718309859, 295.5223880597015, 172.72727272727272, 1245.4545454545455, 263.855421686747, 228.125, 108.33333333333333, nan, nan, nan, nan, nan, nan, nan, nan, nan, nan, nan, nan, nan, nan, nan, nan, nan, nan, nan, nan, nan, nan, nan, nan, nan, nan, nan, nan, nan, nan, nan]
    Left Single Support Percentage: [46.774193548387096, 52.112676056338024, 56.71641791044776, 48.86363636363637, 48.05194805194805, 51.80722891566265, 51.5625, 48.80952380952381, 45.07042253521127, 37.5, 90.9090909090909, 70.58823529411765, 61.940298507462686, 31.092436974789916, 46.25, 50.0, 44.776119402985074, 46.57534246575342, 52.94117647058824, 47.524752475247524, 52.702702702702695, 45.0, 80.95238095238095, 41.02564102564102, 40.67796610169492, 57.77777777777777, 39.130434782608695, 55.55555555555556, 40.0, 54.54545454545454, 30.434782608695656, 52.054794520547944, 55.81395348837209, 57.30337078651685, 5.88235294117647, 46.55172413793103, 53.191489361702125, 64.0625, nan]
    Double Support Percentage: [88.70967741935483, 88.73239436619718, 200.0, 87.5, 144.15584415584414, 133.73493975903614, 143.75, 92.85714285714286, 91.54929577464789, nan, nan, nan, nan, nan, nan, nan, nan, nan, nan, nan, nan, nan, nan, nan, nan, nan, nan, nan, nan, nan, nan, nan, nan, nan, nan, nan, nan, nan, nan]
    Right Stance Phase Percentage: [53.2258064516129, 47.88732394366197, 43.28358208955223, 51.13636363636363, 51.94805194805194, 48.19277108433735, 48.4375, 51.19047619047619, 54.929577464788736, 62.5, 9.090909090909092, 29.411764705882355, 38.059701492537314, 68.90756302521008, 53.75, 50.0, 55.223880597014926, 53.42465753424658, 47.05882352941176, 52.475247524752476, 47.2972972972973, 55.00000000000001, 19.047619047619047, 58.97435897435898, 59.32203389830508, 42.22222222222222, 60.86956521739131, 44.44444444444444, 60.0, 45.45454545454545, 69.56521739130434, 47.94520547945205, 44.18604651162791, 42.69662921348314, 94.11764705882352, 53.44827586206896, 46.808510638297875, 35.9375, nan]
    Left Stance Phase Percentage: [120.96774193548387, 243.6619718309859, 295.5223880597015, 172.72727272727272, 1245.4545454545455, 263.855421686747, 228.125, 108.33333333333333, nan, nan, nan, nan, nan, nan, nan, nan, nan, nan, nan, nan, nan, nan, nan, nan, nan, nan, nan, nan, nan, nan, nan, nan, nan, nan, nan, nan, nan, nan, nan]
    Right Loading Response Percentage: [1685.483870967742, 1459.1549295774648, 1655.2238805970148, 1289.7727272727273, 1515.5844155844156, 2383.132530120482, 3192.1875, 2457.1428571428573, 2867.605633802817, nan, nan, nan, nan, nan, nan, nan, nan, nan, nan, nan, nan, nan, nan, nan, nan, nan, nan, nan, nan, nan, nan, nan, nan, nan, nan, nan, nan, nan, nan]
    Left Loading Response Percentage: [-1596.774193548387, -1370.4225352112676, -1455.2238805970148, -1202.2727272727273, -1371.4285714285713, -2249.397590361446, -3048.4375, -2364.285714285714, -2776.056338028169, -4902.5, nan, nan, nan, nan, nan, nan, nan, nan, nan, nan, nan, nan, nan, nan, nan, nan, nan, nan, nan, nan, nan, nan, nan, nan, nan, nan, nan, nan, nan]

