total_metrics:
  Gait Cycle:
    Steps: 8
    Right Single Support Time: [73.0, 252.0, 459.0, 222.0, 71.0, 264.0, 228.0, 121.0, 247.0, 251.0, nan, nan]
    Left Single Support Time: [54.0, 70.0, 72.0, 89.0, 129.0, 167.0, 135.0, 90.0, 70.0, 80.0, 90.0, 101.0, 62.0, 63.0, 84.0, 65.0, 108.0, 77.0, 53.0, 52.0, 65.0, 100.0, 53.0, 148.0, 201.0, 233.0, 137.0, 175.0, 176.0, 144.0, 157.0, 152.0, 96.0, 86.0, nan]
    Double Support Time: [8.0, 3.0, 99.0, 148.0, 4.0, -46.0, 119.0, -14.0, 52.0, 115.0, 21.0, nan, nan, nan, nan, nan, nan, nan, nan, nan, nan, nan, nan, nan, nan, nan, nan, nan, nan, nan, nan, nan, nan, nan, nan]
    Right Stance Phase Duration: [-12, -26, -30, -20, -19, -73, -56, -37, -24, -22, -17, -60, -20, -12, -37, -15, -37, -34, -17, -10, -15, -49, -14, -16, -103, -64, -65, -32, -116, -26, -49, -79, -23, -31, -16]
    Left Stance Phase Duration: [73.0, 252.0, 459.0, 222.0, 71.0, 264.0, 228.0, 121.0, 247.0, 251.0, nan, nan]
    Right Load Response Time: [199.0, 210.0, 389.0, 677.0, 662.0, 600.0, 743.0, 717.0, 762.0, 887.0, 943.0, nan, nan, nan, nan, nan, nan, nan, nan, nan, nan, nan, nan, nan, nan, nan, nan, nan, nan, nan, nan, nan, nan, nan, nan]
    Right Gait Cycle Time: [42.0, 44.0, 42.0, 69.0, 110.0, 94.0, 79.0, 53.0, 46.0, 58.0, 73.0, 41.0, 42.0, 51.0, 47.0, 50.0, 71.0, 43.0, 36.0, 42.0, 50.0, 51.0, 39.0, 132.0, 98.0, 169.0, 72.0, 143.0, 60.0, 118.0, 108.0, 73.0, 73.0, 55.0, nan]
    Left Load Response Time: [-191.0, -207.0, -290.0, -529.0, -658.0, -646.0, -624.0, -731.0, -710.0, -772.0, -922.0, -1032.0, nan, nan, nan, nan, nan, nan, nan, nan, nan, nan, nan, nan, nan, nan, nan, nan, nan, nan, nan, nan, nan, nan, nan]
    Left Gait Cycle Time: [53.0, 223.0, 330.0, 54.0, 48.0, 237.0, 53.0, 98.0, 171.0, 114.0, nan]
    Cadence: [0.003968253968253968, 0.0023094688221709007, 0.0013908205841446453, 0.0013679890560875513, 0.0014084507042253522, 0.0011947431302270011, 0.001256281407035176, 0.001226993865030675, 0.0010718113612004287, 0.000999000999000999, nan, nan, nan, nan, nan, nan, nan, nan, nan, nan, nan, nan, nan, nan, nan, nan, nan, nan, nan, nan, nan, nan, nan, nan, nan]
    Right Single Support Percentage: [173.80952380952382, 572.7272727272727, 1092.857142857143, 321.7391304347826, 64.54545454545455, 280.8510638297872, 288.60759493670884, 228.30188679245285, 536.9565217391305, 432.7586206896552, nan, nan, nan, nan, nan, nan, nan, nan, nan, nan, nan, nan, nan, nan, nan, nan, nan, nan, nan, nan, nan, nan, nan, nan, nan]
    Left Single Support Percentage: [128.57142857142858, 159.0909090909091, 171.42857142857142, 128.9855072463768, 117.27272727272727, 177.6595744680851, 170.8860759493671, 169.81132075471697, 152.17391304347828, 137.93103448275863, 123.28767123287672, 246.34146341463415, 147.61904761904762, 123.52941176470588, 178.72340425531914, 130.0, 152.11267605633802, 179.06976744186048, 147.22222222222223, 123.80952380952381, 130.0, 196.078431372549, 135.8974358974359, 112.12121212121211, 205.10204081632654, 137.8698224852071, 190.27777777777777, 122.37762237762237, 293.3333333333333, 122.03389830508475, 145.37037037037038, 208.21917808219177, 131.50684931506848, 156.36363636363637, nan]
    Double Support Percentage: [19.047619047619047, 6.8181818181818175, 235.71428571428572, 214.49275362318843, 3.6363636363636362, -48.93617021276596, 150.63291139240508, -26.41509433962264, 113.04347826086956, 198.27586206896552, 28.767123287671232, nan, nan, nan, nan, nan, nan, nan, nan, nan, nan, nan, nan, nan, nan, nan, nan, nan, nan, nan, nan, nan, nan, nan, nan]
    Right Stance Phase Percentage: [-28.57142857142857, -59.09090909090909, -71.42857142857143, -28.985507246376812, -17.272727272727273, -77.6595744680851, -70.88607594936708, -69.81132075471697, -52.17391304347826, -37.93103448275862, -23.28767123287671, -146.34146341463415, -47.61904761904761, -23.52941176470588, -78.72340425531915, -30.0, -52.112676056338024, -79.06976744186046, -47.22222222222222, -23.809523809523807, -30.0, -96.07843137254902, -35.8974358974359, -12.121212121212121, -105.10204081632652, -37.8698224852071, -90.27777777777779, -22.377622377622377, -193.33333333333334, -22.033898305084744, -45.370370370370374, -108.21917808219179, -31.506849315068493, -56.36363636363636, nan]
    Left Stance Phase Percentage: [173.80952380952382, 572.7272727272727, 1092.857142857143, 321.7391304347826, 64.54545454545455, 280.8510638297872, 288.60759493670884, 228.30188679245285, 536.9565217391305, 432.7586206896552, nan, nan, nan, nan, nan, nan, nan, nan, nan, nan, nan, nan, nan, nan, nan, nan, nan, nan, nan, nan, nan, nan, nan, nan, nan]
    Right Loading Response Percentage: [473.8095238095238, 477.27272727272725, 926.1904761904763, 981.1594202898551, 601.8181818181819, 638.2978723404256, 940.506329113924, 1352.8301886792453, 1656.5217391304348, 1529.310344827586, 1291.7808219178082, nan, nan, nan, nan, nan, nan, nan, nan, nan, nan, nan, nan, nan, nan, nan, nan, nan, nan, nan, nan, nan, nan, nan, nan]
    Left Loading Response Percentage: [-454.76190476190476, -470.45454545454544, -690.4761904761905, -766.6666666666667, -598.1818181818181, -687.2340425531914, -789.873417721519, -1379.245283018868, -1543.4782608695652, -1331.0344827586207, -1263.013698630137, -2517.0731707317073, nan, nan, nan, nan, nan, nan, nan, nan, nan, nan, nan, nan, nan, nan, nan, nan, nan, nan, nan, nan, nan, nan, nan]

