Gait Cycle:
  Right Single Support Time: [177.0, 255.0, 82.0, 107.0, 158.0, 175.0, 141.0, 141.0, 266.0, 114.0, 209.0, 153.0, 101.0, 134.0, 132.0, 104.0, 146.0, 100.0, 77.0, 170.0, 289.0, 116.0, 109.0, 107.0, 219.0, 168.0, 349.0, 325.0, 89.0, 134.0, 94.0, 156.0, 238.0, 254.0, 114.0, 113.0, 139.0, nan]
  Left Single Support Time: [142.0, 106.0, 98.0, 114.0, 129.0, 194.0, 182.0, 70.0, 69.0, 133.0, 133.0, 49.0, 61.0, 90.0, 143.0, 93.0, 79.0, 93.0, 110.0, 112.0, 130.0, 100.0, 83.0, 72.0, 147.0, 100.0, 102.0, 137.0, 154.0, 175.0, 111.0, 97.0, 109.0, 158.0, 132.0, 141.0, 147.0, 109.0, 176.0, 103.0, 101.0, 141.0, 97.0, 167.0, 57.0, 53.0, 94.0, 166.0, 131.0, 92.0, 113.0, 98.0, 102.0, 159.0, 128.0, 74.0, 124.0, 118.0, 170.0, 123.0, 104.0, 75.0, 126.0, nan, nan]
  Double Support Time: [-26.0, 56.0, 15.0, -18.0, 20.0, -24.0, -75.0, -10.0, 76.0, -10.0, -16.0, 79.0, 14.0, 21.0, 1.0, 10.0, 7.0, 41.0, -44.0, 15.0, 25.0, 1.0, -8.0, 18.0, 30.0, 31.0, 0.0, 223.0, -35.0, -13.0, -17.0, 9.0, 68.0, 56.0, -24.0, 5.0, -13.0, 7.0, nan, nan, nan, nan, nan, nan, nan, nan, nan, nan, nan, nan, nan, nan, nan, nan, nan, nan, nan, nan, nan, nan, nan, nan, nan, nan, nan]
  Right Stance Phase Duration: [-49.0, -26.0, -25.0, -38.0, -39.0, -45.0, -109.0, -32.0, -21.0, -34.0, -73.0, -10.0, -20.0, -18.0, -58.0, -30.0, -29.0, -13.0, -64.0, -14.0, -79.0, -40.0, -36.0, -22.0, -20.0, -40.0, -36.0, -44.0, -56.0, -56.0, -49.0, -32.0, -24.0, -55.0, -47.0, -36.0, -53.0, -42.0, -41.0, -58.0, -33.0, -51.0, -49.0, -31.0, -16.0, -13.0, -20.0, -61.0, -43.0, -40.0, -7.0, -28.0, -23.0, -59.0, -63.0, -29.0, -16.0, -12.0, -60.0, -81.0, -37.0, -26.0, -29.0, -48.0, nan]
  Left Stance Phase Duration: [177.0, 255.0, 82.0, 107.0, 158.0, 175.0, 141.0, 141.0, 266.0, 114.0, 209.0, 153.0, 101.0, 134.0, 132.0, 104.0, 146.0, 100.0, 77.0, 170.0, 289.0, 116.0, 109.0, 107.0, 219.0, 168.0, 349.0, 325.0, 89.0, 134.0, 94.0, 156.0, 238.0, 254.0, 114.0, 113.0, 139.0, nan]
  Right Load Response Time: [596.0, 657.0, 750.0, 719.0, 730.0, 739.0, 744.0, 778.0, 859.0, 980.0, 971.0, 1063.0, 1088.0, 1114.0, 1137.0, 1125.0, 1126.0, 1186.0, 1152.0, 1163.0, 1206.0, 1340.0, 1355.0, 1389.0, 1406.0, 1448.0, 1485.0, 1732.0, 1697.0, 1667.0, 1639.0, 1639.0, 1689.0, 1750.0, 1790.0, 1796.0, 1763.0, 1768.0, nan, nan, nan, nan, nan, nan, nan, nan, nan, nan, nan, nan, nan, nan, nan, nan, nan, nan, nan, nan, nan, nan, nan, nan, nan, nan]
  Right Gait Cycle Time: [93.0, 80.0, 73.0, 76.0, 90.0, 149.0, 73.0, 38.0, 48.0, 99.0, 60.0, 39.0, 41.0, 72.0, 85.0, 63.0, 50.0, 80.0, 46.0, 98.0, 51.0, 60.0, 47.0, 50.0, 127.0, 60.0, 66.0, 93.0, 98.0, 119.0, 62.0, 65.0, 85.0, 103.0, 85.0, 105.0, 94.0, 67.0, 135.0, 45.0, 68.0, 90.0, 48.0, 136.0, 41.0, 40.0, 74.0, 105.0, 88.0, 52.0, 106.0, 70.0, 79.0, 100.0, 65.0, 45.0, 108.0, 106.0, 110.0, 42.0, 67.0, 49.0, 97.0, nan]
  Left Load Response Time: [-622.0, -601.0, -735.0, -737.0, -710.0, -763.0, -819.0, -788.0, -783.0, -990.0, -987.0, -984.0, -1074.0, -1093.0, -1136.0, -1115.0, -1119.0, -1145.0, -1196.0, -1148.0, -1181.0, -1339.0, -1363.0, -1371.0, -1376.0, -1417.0, -1485.0, -1509.0, -1732.0, -1680.0, -1656.0, -1630.0, -1621.0, -1694.0, -1814.0, -1791.0, -1776.0, -1761.0, nan, nan, nan, nan, nan, nan, nan, nan, nan, nan, nan, nan, nan, nan, nan, nan, nan, nan, nan, nan, nan, nan, nan, nan, nan, nan, nan]
  Left Gait Cycle Time: [154.0, 173.0, 42.0, 87.0, 99.0, 154.0, 107.0, 119.0, 169.0, 90.0, 152.0, 64.0, 67.0, 95.0, 73.0, 64.0, 110.0, 46.0, 57.0, 141.0, 185.0, 75.0, 81.0, 67.0, 169.0, 97.0, 313.0, 58.0, 68.0, 91.0, 62.0, 115.0, 146.0, 143.0, 91.0, 72.0, 99.0, nan]
  Cadence: [0.0013333333333333333, 0.0012048192771084338, 0.0012626262626262627, 0.0012406947890818859, 0.0012062726176115801, 0.0011198208286674132, 0.0011750881316098707, 0.0011148272017837235, 0.0009727626459143969, 0.0009345794392523365, 0.0008904719501335708, 0.0008873114463176575, 0.0008658008658008658, 0.0008271298593879239, 0.0008264462809917355, 0.0008410428931875525, 0.0008090614886731392, 0.0008116883116883117, 0.0008271298593879239, 0.0007668711656441718, 0.0007189072609633358, 0.0007067137809187279, 0.0006963788300835655, 0.0006868131868131869, 0.0006349206349206349, 0.0006472491909385113, 0.0005561735261401557, 0.0005586592178770949, 0.0005665722379603399, 0.0005688282138794084, 0.0005878894767783657, 0.0005701254275940707, 0.0005449591280653951, 0.0005282620179609086, 0.000531632110579479, 0.0005353319057815846, 0.0005370569280343716, nan, nan, nan, nan, nan, nan, nan, nan, nan, nan, nan, nan, nan, nan, nan, nan, nan, nan, nan, nan, nan, nan, nan, nan, nan, nan, nan]
  Right Single Support Percentage: [190.3225806451613, 318.75, 112.32876712328768, 140.78947368421052, 175.55555555555554, 117.4496644295302, 193.15068493150685, 371.0526315789474, 554.1666666666667, 115.15151515151516, 348.3333333333333, 392.30769230769226, 246.34146341463415, 186.11111111111111, 155.29411764705884, 165.07936507936506, 292.0, 125.0, 167.3913043478261, 173.46938775510205, 566.6666666666667, 193.33333333333334, 231.91489361702128, 214.0, 172.44094488188978, 280.0, 528.7878787878788, 349.4623655913978, 90.81632653061224, 112.60504201680672, 151.61290322580646, 240.0, 280.0, 246.6019417475728, 134.1176470588235, 107.61904761904762, 147.87234042553192, nan, nan, nan, nan, nan, nan, nan, nan, nan, nan, nan, nan, nan, nan, nan, nan, nan, nan, nan, nan, nan, nan, nan, nan, nan, nan, nan]
  Left Single Support Percentage: [152.68817204301075, 132.5, 134.24657534246575, 150.0, 143.33333333333334, 130.2013422818792, 249.3150684931507, 184.21052631578948, 143.75, 134.34343434343435, 221.66666666666669, 125.64102564102564, 148.78048780487805, 125.0, 168.23529411764707, 147.61904761904762, 158.0, 116.25000000000001, 239.1304347826087, 114.28571428571428, 254.9019607843137, 166.66666666666669, 176.59574468085106, 144.0, 115.74803149606299, 166.66666666666669, 154.54545454545453, 147.31182795698925, 157.14285714285714, 147.05882352941177, 179.03225806451613, 149.23076923076923, 128.23529411764707, 153.39805825242718, 155.29411764705884, 134.28571428571428, 156.38297872340425, 162.6865671641791, 130.37037037037038, 228.88888888888889, 148.52941176470588, 156.66666666666666, 202.08333333333334, 122.79411764705883, 139.02439024390242, 132.5, 127.02702702702702, 158.0952380952381, 148.86363636363635, 176.9230769230769, 106.60377358490567, 140.0, 129.1139240506329, 159.0, 196.92307692307693, 164.44444444444443, 114.81481481481481, 111.32075471698113, 154.54545454545453, 292.85714285714283, 155.22388059701493, 153.0612244897959, 129.89690721649484, nan, nan]
  Double Support Percentage: [-27.956989247311824, 70.0, 20.54794520547945, -23.684210526315788, 22.22222222222222, -16.10738255033557, -102.73972602739727, -26.31578947368421, 158.33333333333331, -10.1010101010101, -26.666666666666668, 202.56410256410254, 34.146341463414636, 29.166666666666668, 1.1764705882352942, 15.873015873015872, 14.000000000000002, 51.24999999999999, -95.65217391304348, 15.306122448979592, 49.01960784313725, 1.6666666666666667, -17.02127659574468, 36.0, 23.62204724409449, 51.66666666666667, 0.0, 239.78494623655914, -35.714285714285715, -10.92436974789916, -27.419354838709676, 13.846153846153847, 80.0, 54.36893203883495, -28.235294117647058, 4.761904761904762, -13.829787234042554, 10.44776119402985, nan, nan, nan, nan, nan, nan, nan, nan, nan, nan, nan, nan, nan, nan, nan, nan, nan, nan, nan, nan, nan, nan, nan, nan, nan, nan, nan]
  Right Stance Phase Percentage: [-52.68817204301075, -32.5, -34.24657534246575, -50.0, -43.333333333333336, -30.201342281879196, -149.31506849315068, -84.21052631578947, -43.75, -34.34343434343434, -121.66666666666666, -25.64102564102564, -48.78048780487805, -25.0, -68.23529411764706, -47.61904761904761, -57.99999999999999, -16.25, -139.1304347826087, -14.285714285714285, -154.90196078431373, -66.66666666666666, -76.59574468085107, -44.0, -15.748031496062993, -66.66666666666666, -54.54545454545454, -47.31182795698925, -57.14285714285714, -47.05882352941176, -79.03225806451613, -49.23076923076923, -28.235294117647058, -53.398058252427184, -55.294117647058826, -34.285714285714285, -56.38297872340425, -62.68656716417911, -30.37037037037037, -128.88888888888889, -48.529411764705884, -56.666666666666664, -102.08333333333333, -22.794117647058822, -39.02439024390244, -32.5, -27.027027027027028, -58.0952380952381, -48.86363636363637, -76.92307692307693, -6.60377358490566, -40.0, -29.11392405063291, -59.0, -96.92307692307692, -64.44444444444444, -14.814814814814813, -11.320754716981133, -54.54545454545454, -192.85714285714286, -55.223880597014926, -53.06122448979592, -29.896907216494846, nan, nan]
  Left Stance Phase Percentage: [190.3225806451613, 318.75, 112.32876712328768, 140.78947368421052, 175.55555555555554, 117.4496644295302, 193.15068493150685, 371.0526315789474, 554.1666666666667, 115.15151515151516, 348.3333333333333, 392.30769230769226, 246.34146341463415, 186.11111111111111, 155.29411764705884, 165.07936507936506, 292.0, 125.0, 167.3913043478261, 173.46938775510205, 566.6666666666667, 193.33333333333334, 231.91489361702128, 214.0, 172.44094488188978, 280.0, 528.7878787878788, 349.4623655913978, 90.81632653061224, 112.60504201680672, 151.61290322580646, 240.0, 280.0, 246.6019417475728, 134.1176470588235, 107.61904761904762, 147.87234042553192, nan, nan, nan, nan, nan, nan, nan, nan, nan, nan, nan, nan, nan, nan, nan, nan, nan, nan, nan, nan, nan, nan, nan, nan, nan, nan, nan]
  Right Loading Response Percentage: [640.8602150537635, 821.25, 1027.3972602739725, 946.0526315789474, 811.1111111111111, 495.97315436241615, 1019.1780821917808, 2047.3684210526314, 1789.5833333333333, 989.89898989899, 1618.3333333333333, 2725.6410256410254, 2653.6585365853657, 1547.2222222222222, 1337.6470588235295, 1785.7142857142858, 2252.0, 1482.5, 2504.3478260869565, 1186.734693877551, 2364.7058823529414, 2233.333333333333, 2882.978723404255, 2778.0, 1107.0866141732283, 2413.3333333333335, 2250.0, 1862.3655913978496, 1731.6326530612243, 1400.8403361344538, 2643.548387096774, 2521.5384615384614, 1987.0588235294117, 1699.0291262135922, 2105.8823529411766, 1710.4761904761904, 1875.531914893617, 2638.805970149254, nan, nan, nan, nan, nan, nan, nan, nan, nan, nan, nan, nan, nan, nan, nan, nan, nan, nan, nan, nan, nan, nan, nan, nan, nan, nan]
  Left Loading Response Percentage: [-668.8172043010753, -751.25, -1006.8493150684932, -969.7368421052632, -788.8888888888889, -512.0805369127517, -1121.9178082191781, -2073.684210526316, -1631.25, -1000.0, -1645.0, -2523.076923076923, -2619.512195121951, -1518.0555555555554, -1336.4705882352941, -1769.8412698412699, -2238.0, -1431.25, -2600.0, -1171.4285714285713, -2315.6862745098038, -2231.6666666666665, -2900.0, -2742.0, -1083.464566929134, -2361.6666666666665, -2250.0, -1622.5806451612905, -1767.3469387755101, -1411.764705882353, -2670.967741935484, -2507.6923076923076, -1907.0588235294117, -1644.6601941747574, -2134.1176470588234, -1705.7142857142858, -1889.3617021276598, -2628.358208955224, nan, nan, nan, nan, nan, nan, nan, nan, nan, nan, nan, nan, nan, nan, nan, nan, nan, nan, nan, nan, nan, nan, nan, nan, nan, nan, nan]

