Gait Cycle:
  Right Single Support Time: [41.0, 59.0, 40.0, 36.0, 54.0, 20.0, 29.0, 104.0, 41.0, 28.0, 40.0, 38.0, nan]
  Left Single Support Time: [66.0, 53.0, 144.0, 132.0, 141.0, 147.0, 109.0, 176.0, 103.0, 101.0, 141.0, 97.0, 167.0, 94.0, nan, nan]
  Double Support Time: [-51.0, -47.0, -73.0, -75.0, -92.0, -79.0, -70.0, -78.0, -202.0, -80.0, -92.0, -66.0, nan, nan, nan, nan]
  Right Stance Phase Duration: [-25.0, -10.0, -40.0, -47.0, -36.0, -53.0, -42.0, -41.0, -58.0, -33.0, -51.0, -49.0, -31.0, -16.0, -12.0, nan]
  Left Stance Phase Duration: [41.0, 59.0, 40.0, 36.0, 54.0, 20.0, 29.0, 104.0, 41.0, 28.0, 40.0, 38.0, nan]
  Right Load Response Time: [-19.0, 7.0, 60.0, 29.0, 8.0, 13.0, -35.0, -45.0, -39.0, 101.0, 108.0, 99.0, 106.0, nan, nan]
  Right Gait Cycle Time: [41.0, 43.0, 104.0, 85.0, 105.0, 94.0, 67.0, 135.0, 45.0, 68.0, 90.0, 48.0, 136.0, 78.0, nan]
  Left Load Response Time: [-32.0, -54.0, -133.0, -104.0, -100.0, -92.0, -35.0, -33.0, -163.0, -181.0, -200.0, -165.0, nan, nan, nan, nan]
  Left Gait Cycle Time: [67.0, 96.0, 73.0, 64.0, 110.0, 46.0, 57.0, 141.0, 185.0, 75.0, 81.0, 55.0, nan]
  Cadence: [0.020833333333333332, 0.009708737864077669, 0.007518796992481203, 0.010752688172043012, 0.00847457627118644, 0.01694915254237288, 0.045454545454545456, 0.010416666666666666, 0.00684931506849315, 0.005681818181818182, 0.005291005291005291, 0.006493506493506494, nan, nan, nan]
  Right Single Support Percentage: [100.0, 137.2093023255814, 38.46153846153847, 42.35294117647059, 51.42857142857142, 21.27659574468085, 43.28358208955223, 77.03703703703704, 91.11111111111111, 41.17647058823529, 44.44444444444444, 79.16666666666666, nan, nan, nan]
  Left Single Support Percentage: [160.97560975609758, 123.25581395348837, 138.46153846153845, 155.29411764705884, 134.28571428571428, 156.38297872340425, 162.6865671641791, 130.37037037037038, 228.88888888888889, 148.52941176470588, 156.66666666666666, 202.08333333333334, 122.79411764705883, 120.51282051282051, nan, nan]
  Double Support Percentage: [-124.39024390243902, -109.30232558139534, -70.1923076923077, -88.23529411764706, -87.61904761904762, -84.04255319148936, -104.4776119402985, -57.77777777777777, -448.8888888888889, -117.64705882352942, -102.22222222222221, -137.5, nan, nan, nan, nan]
  Right Stance Phase Percentage: [-60.97560975609756, -23.25581395348837, -38.46153846153847, -55.294117647058826, -34.285714285714285, -56.38297872340425, -62.68656716417911, -30.37037037037037, -128.88888888888889, -48.529411764705884, -56.666666666666664, -102.08333333333333, -22.794117647058822, -20.51282051282051, nan, nan]
  Left Stance Phase Percentage: [100.0, 137.2093023255814, 38.46153846153847, 42.35294117647059, 51.42857142857142, 21.27659574468085, 43.28358208955223, 77.03703703703704, 91.11111111111111, 41.17647058823529, 44.44444444444444, 79.16666666666666, nan, nan, nan]
  Right Loading Response Percentage: [-46.34146341463415, 16.27906976744186, 57.692307692307686, 34.11764705882353, 7.6190476190476195, 13.829787234042554, -52.23880597014925, -33.33333333333333, -86.66666666666667, 148.52941176470588, 120.0, 206.25, 77.94117647058823, nan, nan]
  Left Loading Response Percentage: [-78.04878048780488, -125.5813953488372, -127.88461538461537, -122.3529411764706, -95.23809523809523, -97.87234042553192, -52.23880597014925, -24.444444444444443, -362.22222222222223, -266.1764705882353, -222.22222222222223, -343.75, nan, nan, nan, nan]

