Gait Cycle:
  Right Single Support Time: [47.0, 37.0, 267.0, 21.0, 43.0, 32.0, 41.0, 92.0, 111.0, 21.0, nan]
  Left Single Support Time: [98.0, 133.0, 92.0, 113.0, 98.0, 102.0, 159.0, 128.0, 74.0, 124.0, 119.0, 170.0, 123.0, 130.0, nan]
  Double Support Time: [-29.0, -107.0, -86.0, -44.0, -53.0, -82.0, -80.0, -86.0, -64.0, -137.0, nan, nan, nan, nan, nan]
  Right Stance Phase Duration: [-14, -45, -40, -7, -28, -23, -59, -63, -29, -16, -12, -61, -81, -37, -48]
  Left Stance Phase Duration: [47.0, 37.0, 267.0, 21.0, 43.0, 32.0, 41.0, 92.0, 111.0, 21.0, nan]
  Right Load Response Time: [-20.0, -42.0, -31.0, 230.0, 182.0, 180.0, 192.0, 154.0, 204.0, 305.0, 339.0, nan, nan, nan, nan]
  Right Gait Cycle Time: [84.0, 88.0, 52.0, 106.0, 70.0, 79.0, 100.0, 65.0, 45.0, 108.0, 107.0, 109.0, 42.0, 93.0, nan]
  Left Load Response Time: [-9.0, -65.0, -55.0, -274.0, -235.0, -262.0, -272.0, -240.0, -268.0, -442.0, nan, nan, nan, nan, nan]
  Left Gait Cycle Time: [62.0, 99.0, 313.0, 58.0, 68.0, 91.0, 62.0, 115.0, 146.0, 142.0, nan]
  Cadence: [0.023809523809523808, 0.017543859649122806, 0.0035460992907801418, 0.003472222222222222, 0.004, 0.0036900369003690036, 0.003937007874015748, 0.0037174721189591076, 0.002857142857142857, 0.0022371364653243847, nan, nan, nan, nan, nan]
  Right Single Support Percentage: [55.952380952380956, 42.04545454545455, 513.4615384615385, 19.81132075471698, 61.42857142857143, 40.50632911392405, 41.0, 141.53846153846155, 246.66666666666669, 19.444444444444446, nan, nan, nan, nan, nan]
  Left Single Support Percentage: [116.66666666666667, 151.13636363636365, 176.9230769230769, 106.60377358490567, 140.0, 129.1139240506329, 159.0, 196.92307692307693, 164.44444444444443, 114.81481481481481, 111.21495327102804, 155.96330275229357, 292.85714285714283, 139.78494623655914, nan]
  Double Support Percentage: [-34.523809523809526, -121.59090909090908, -165.3846153846154, -41.509433962264154, -75.71428571428571, -103.79746835443038, -80.0, -132.3076923076923, -142.22222222222223, -126.85185185185186, nan, nan, nan, nan, nan]
  Right Stance Phase Percentage: [-16.666666666666664, -51.13636363636363, -76.92307692307693, -6.60377358490566, -40.0, -29.11392405063291, -59.0, -96.92307692307692, -64.44444444444444, -14.814814814814813, -11.214953271028037, -55.96330275229357, -192.85714285714286, -39.784946236559136, nan]
  Left Stance Phase Percentage: [55.952380952380956, 42.04545454545455, 513.4615384615385, 19.81132075471698, 61.42857142857143, 40.50632911392405, 41.0, 141.53846153846155, 246.66666666666669, 19.444444444444446, nan, nan, nan, nan, nan]
  Right Loading Response Percentage: [-23.809523809523807, -47.72727272727273, -59.61538461538461, 216.98113207547172, 260.0, 227.8481012658228, 192.0, 236.92307692307693, 453.3333333333333, 282.4074074074074, 316.822429906542, nan, nan, nan, nan]
  Left Loading Response Percentage: [-10.714285714285714, -73.86363636363636, -105.76923076923077, -258.49056603773585, -335.7142857142857, -331.6455696202531, -272.0, -369.2307692307692, -595.5555555555555, -409.25925925925924, nan, nan, nan, nan, nan]

