Gait Cycle:
  Right Single Support Time: [84.0, 21.0, 34.0, 22.0, 97.0, 24.0, 57.0, nan]
  Left Single Support Time: [86.0, 92.0, 110.0, 112.0, 130.0, 100.0, 83.0, 72.0, 147.0, 100.0, 102.0, 137.0, 154.0, 177.0, nan]
  Double Support Time: [-63.0, -67.0, -184.0, -99.0, -101.0, -185.0, -69.0, -83.0, nan, nan, nan, nan, nan, nan, nan]
  Right Stance Phase Duration: [-36, -12, -64, -14, -79, -40, -36, -22, -20, -40, -36, -44, -56, -56, -50]
  Left Stance Phase Duration: [84.0, 21.0, 34.0, 22.0, 97.0, 24.0, 57.0, nan]
  Right Load Response Time: [-51.0, 10.0, 6.0, 114.0, 123.0, 191.0, 300.0, 343.0, nan, nan, nan, nan, nan, nan, nan]
  Right Gait Cycle Time: [50.0, 80.0, 46.0, 98.0, 51.0, 60.0, 47.0, 50.0, 127.0, 60.0, 66.0, 93.0, 98.0, 121.0, nan]
  Left Load Response Time: [-12.0, -77.0, -190.0, -213.0, -224.0, -376.0, -369.0, -426.0, nan, nan, nan, nan, nan, nan, nan]
  Left Gait Cycle Time: [111.0, 76.0, 154.0, 107.0, 119.0, 169.0, 90.0, nan]
  Cadence: [0.016666666666666666, 0.011627906976744186, 0.00625, 0.004524886877828055, 0.004132231404958678, 0.002777777777777778, 0.002564102564102564, nan, nan, nan, nan, nan, nan, nan, nan]
  Right Single Support Percentage: [168.0, 26.25, 73.91304347826086, 22.448979591836736, 190.19607843137254, 40.0, 121.27659574468086, nan, nan, nan, nan, nan, nan, nan, nan]
  Left Single Support Percentage: [172.0, 114.99999999999999, 239.1304347826087, 114.28571428571428, 254.9019607843137, 166.66666666666669, 176.59574468085106, 144.0, 115.74803149606299, 166.66666666666669, 154.54545454545453, 147.31182795698925, 157.14285714285714, 146.28099173553719, nan]
  Double Support Percentage: [-126.0, -83.75, -400.0, -101.0204081632653, -198.03921568627453, -308.33333333333337, -146.80851063829786, -166.0, nan, nan, nan, nan, nan, nan, nan]
  Right Stance Phase Percentage: [-72.0, -15.0, -139.1304347826087, -14.285714285714285, -154.90196078431373, -66.66666666666666, -76.59574468085107, -44.0, -15.748031496062993, -66.66666666666666, -54.54545454545454, -47.31182795698925, -57.14285714285714, -46.28099173553719, nan]
  Left Stance Phase Percentage: [168.0, 26.25, 73.91304347826086, 22.448979591836736, 190.19607843137254, 40.0, 121.27659574468086, nan, nan, nan, nan, nan, nan, nan, nan]
  Right Loading Response Percentage: [-102.0, 12.5, 13.043478260869565, 116.3265306122449, 241.17647058823528, 318.3333333333333, 638.2978723404256, 686.0, nan, nan, nan, nan, nan, nan, nan]
  Left Loading Response Percentage: [-24.0, -96.25, -413.0434782608695, -217.3469387755102, -439.21568627450984, -626.6666666666666, -785.1063829787234, -852.0, nan, nan, nan, nan, nan, nan, nan]

