total_metrics:
  Gait Cycle:
    Number of steps: 25
    Right Single Support Time: [1.24, 3.81, 1.28, 1.04, 2.9, 1.44, 1.32, 0.29]
    Left Single Support Time: [1.8, 1.29, 0.7, 1.28, 1.3599999999999999, 1.1400000000000001, 3.14, 11.75]
    Double Support Time: [0.75, 1.9800000000000002, 0.7200000000000001, 0.58, 1.55, 0.82, 0.8500000000000001, 0.2999999999999998]
    Stride Phase Duration: [0.5, 1.01, 0.29, 3.66, 0.36, 1.08, 0.3, 0.87, 0.43, 2.66, 0.44, 1.19, 0.54, 1.16, 0.21, 2.29, 0.4, 1.49, 1.02, 2.4, 2.22, 0.87, 2.59, 0.88, 0.61]
    Gait Cycle Duration: [0.5, 1.01, 0.29, 3.66, 0.36, 1.08, 0.3, 0.87, 0.43, 2.66, 0.44, 1.19, 0.54, 1.16, 0.21, 2.29, 0.4, 1.49, 1.02, 2.4, 2.22, 0.87, 2.59, 0.88, 0.61]
    Right stance time : [1.01, 3.66, 1.08, 0.87, 2.66, 1.19, 1.16, 2.29, 1.49, 2.4, 0.87, 0.88]
    Right Swing Time: [0.5, 0.29, 0.36, 0.3, 0.43, 0.44, 0.54, 0.21, 2.29, 1.49, 1.02, 2.4, 2.22, 0.87, 2.59, 0.88]
    Left stance Time: [0.5, 0.29, 0.36, 0.3, 0.43, 0.44, 0.54, 0.21, 0.4, 1.02, 2.22, 2.59, 0.61]
    Left Swing Time: [1.01, 3.66, 1.08, 0.87, 2.66, 1.19, 1.16, 0.4, 0.61]
    Right Toe Off Times: [0.24, 2.24, 0.44, 0.16, 0.99, 0.17, 0.18, 0.3, 0.46]
    Right Swing peak Times: [0.38, 0.12, 0.17, 0.06, 0.07, 0.27, 0.26, 1.8199999999999998, 0.65, 0.41, 1.88, 1.18, 0.63, 1.65, 0.66]
    Left Toe Off Times: [0.17, 0.13, 0.15, 0.18, 0.23, 0.29, 0.34, 0.12, 0.49, 0.8, 0.71, 1.06, 0.38, 0.64, 1.53, 0.84]
    Left Swing peak Times: [0.6, 2.41, 0.63, 0.6, 2.4, 0.86, 0.74, 0.44]
    Cadence: 24.830326104949513

