total_metrics:
  Gait Cycle:
    Number of steps: 29
    Right Single Support Time: [0.2, 1.53, 1.17, 1.47, 0.82, 0.99, 0.71, 0.72, 1.46, 0.69, 1.21, 0.44]
    Left Single Support Time: [0.51, 0.58, 1.18, 0.66, 0.8, 0.6, 0.45, 0.7, 0.39, 0.45, 2.0, 0.53]
    Double Support Time: [0.5599999999999999, 0.5, 0.68, 0.76, 0.56, 0.55, 0.45999999999999996, 0.44000000000000006, 0.4600000000000001, 0.4600000000000001, 1.0799999999999998, 0.39]
    Stride Phase Duration: [0.31, 0.57, 0.41, 0.3, 0.72, 0.7, 0.38, 0.98, 0.26, 1.25, 0.38, 0.74, 0.31, 0.8, 0.37, 0.55, 0.33, 0.54, 0.26, 0.66, 0.63, 0.29, 0.38, 1.78, 0.43, 0.35, 0.34, 0.29, 0.45]
    Gait Cycle Duration: [0.31, 0.57, 0.41, 0.3, 0.72, 0.7, 0.38, 0.98, 0.26, 1.25, 0.38, 0.74, 0.31, 0.8, 0.37, 0.55, 0.33, 0.54, 0.26, 0.66, 0.63, 0.29, 0.38, 1.78, 0.43, 0.35, 0.34, 0.29, 0.45]
    Right stance time : [0.57, 0.3, 0.7, 0.98, 1.25, 0.74, 0.8, 0.55, 0.54, 0.66, 0.29, 1.78, 0.35, 0.29]
    Right Swing Time: [0.31, 0.41, 0.3, 0.38, 0.26, 0.38, 0.31, 0.37, 0.33, 0.26, 0.29, 1.78, 0.35, 0.29]
    Left stance Time: [0.31, 0.41, 0.72, 0.38, 0.26, 0.38, 0.31, 0.37, 0.33, 0.26, 0.63, 0.38, 0.43, 0.34, 0.45]
    Left Swing Time: [0.57, 0.72, 0.7, 0.98, 1.25, 0.74, 0.8, 0.55, 0.54, 0.66, 0.63, 0.38, 0.43, 0.34, 0.45]
    Right Toe Off Times: [0.34, 0.65, 0.35, 1.21, 0.52, 0.77, 0.43, 0.13, 0.47, 0.58, 0.26, 0.32, 0.25, 0.41]
    Right Swing peak Times: [0.01, 0.33, 0.22, 0.28, 0.23, 0.24, 0.27, 1.7, 0.22, 0.21]
    Left Toe Off Times: [0.16, 0.15, 0.07, 0.06, 0.25, 0.02, 0.08, 0.03, 0.07, 0.15, 0.48, 0.27, 0.13]
    Left Swing peak Times: [0.14, 0.06, 0.09, 0.45, 0.17, 0.27, 0.32, 0.13, 0.31, 0.21, 0.37, 0.14, 0.1, 0.15, 0.1]
    Cadence: 108.61423220973782

