total_metrics:
  Gait Cycle:
    Number of steps: 58
    Right Single Support Time: [4.17, 0.75, 0.12, 0.46, 0.42, 1.01, 0.58, 0.5, 0.55, 0.53, 0.48, 0.15, 0.22, 8.77, 0.86, 1.11, 1.8399999999999999, 0.51, 0.44, 1.12, 1.31, 0.78, 1.11, 1.42, 2.5300000000000002, 6.65]
    Left Single Support Time: [3.77, 1.48, 1.02, 0.62, 0.44, 0.85, 0.71, 0.41, 0.48, 0.43, 0.41, 1.37, 10.55, 0.42, 0.31, 0.47, 0.38, 0.8, 0.48, 1.16, 1.02, 0.38, 0.92, 0.61, 0.32, 0.44]
    Double Support Time: [1.9499999999999997, 0.3500000000000001, 1.68, 0.26, 0.32, 0.38000000000000006, 0.64, 0.30000000000000004, 0.27999999999999997, 0.33, 0.34, 0.30000000000000004, 2.67, 0.4300000000000015, 4.33, 0.4, 0.33999999999999997, 0.79, 0.35, 0.63, 0.44999999999999996, 0.7000000000000001, 0.45999999999999996, 0.63, 0.5000000000000001, 0.6600000000000001]
    Stride Phase Duration: [0.56, 3.35, 0.21, 0.21, 3.17, 0.48, 0.26, 0.33, 0.21, 0.21, 0.35, 0.3, 0.3, 0.47, 0.73, 0.55, 0.35, 0.26, 0.34, 0.23, 0.45, 0.22, 0.43, 0.23, 0.34, 0.25, 0.36, 0.51, 4.98, 8.2, 0.34, 0.26, 0.45, 0.53, 0.29, 0.4, 1.27, 0.32, 0.3, 0.4, 0.27, 1.0, 0.67, 0.24, 1.17, 0.24, 0.69, 0.24, 0.95, 0.31, 0.66, 0.54, 0.34, 1.6, 0.71, 0.78, 6.05, 2.21]
    Gait Cycle Duration: [0.56, 3.35, 0.21, 0.21, 3.17, 0.48, 0.26, 0.33, 0.21, 0.21, 0.35, 0.3, 0.3, 0.47, 0.73, 0.55, 0.35, 0.26, 0.34, 0.23, 0.45, 0.22, 0.43, 0.23, 0.34, 0.25, 0.36, 0.51, 4.98, 8.2, 0.34, 0.26, 0.45, 0.53, 0.29, 0.4, 1.27, 0.32, 0.3, 0.4, 0.27, 1.0, 0.67, 0.24, 1.17, 0.24, 0.69, 0.24, 0.95, 0.31, 0.66, 0.54, 0.34, 1.6, 0.71, 0.78, 6.05, 2.21]
    Right stance time : [3.35, 0.21, 0.48, 0.33, 0.21, 0.3, 0.47, 0.55, 0.26, 0.23, 0.22, 0.23, 0.25, 0.51, 8.2, 0.26, 0.53, 0.4, 0.32, 0.4, 1.0, 0.24, 0.24, 0.24, 0.31, 0.54, 1.6, 0.78, 2.21]
    Right Swing Time: [3.35, 0.21, 0.48, 0.21, 0.21, 0.3, 0.47, 0.55, 0.26, 0.23, 0.22, 0.23, 0.25, 0.36, 0.51, 8.2, 0.26, 0.29, 0.32, 0.4, 1.0, 0.24, 0.24, 0.24, 0.31, 0.34, 0.78, 2.21]
    Left stance Time: [0.56, 0.21, 3.17, 0.26, 0.21, 0.35, 0.3, 0.73, 0.35, 0.34, 0.45, 0.43, 0.34, 0.36, 4.98, 0.34, 0.45, 0.29, 1.27, 0.3, 0.27, 0.67, 1.17, 0.69, 0.95, 0.66, 0.34, 0.71, 6.05]
    Left Swing Time: [0.56, 0.21, 3.17, 0.26, 0.33, 0.35, 0.3, 0.73, 0.35, 0.34, 0.45, 0.43, 0.34, 4.98, 0.34, 0.45, 0.53, 0.4, 1.27, 0.3, 0.27, 0.67, 1.17, 0.69, 0.95, 0.66, 0.54, 1.6, 0.71, 6.05]
    Right Toe Off Times: [0.22, 0.09, 2.84, 0.22, 0.28, 0.2, 0.66, 0.24, 0.19, 0.34, 0.31, 0.25, 0.4, 0.13, 0.11, 0.29, 0.13, 0.48, 0.17, 0.02, 0.06, 0.94, 0.04, 0.71, 0.36, 0.35, 0.01, 0.58, 3.56]
    Right Swing peak Times: [2.06, 0.16, 0.41, 0.1, 0.12, 0.24, 0.33, 0.49, 0.19, 0.14, 0.16, 0.18, 0.19, 0.3, 0.43, 7.97, 0.09, 0.15, 0.13, 0.15, 0.83, 0.12, 0.05, 0.13, 0.09, 0.55, 1.8199999999999998]
    Left Toe Off Times: [2.44, 0.25, 0.08, 0.1, 0.1, 0.04, 0.13, 0.05, 0.1, 0.07, 0.05, 0.11, 0.16, 0.25, 7.32, 0.16, 0.16, 0.2, 0.3, 0.24, 0.14, 0.19, 0.12, 0.2, 0.32, 0.43, 0.85]
    Left Swing peak Times: [0.35, 0.02, 0.09, 0.05, 0.21, 0.21, 0.04, 0.06, 0.1, 0.08, 0.09, 0.13, 0.14, 0.13, 0.12, 0.17, 0.41, 0.23, 1.11, 0.18, 0.14, 0.24, 0.99, 0.28, 0.38, 0.13, 0.47, 1.3900000000000001, 0.35, 0.39]
    Cadence: 57.312252964426875

