total_metrics:
  Gait Cycle:
    Number of steps: 25
    Right Single Support Time: [0.76, 0.4, 1.69, 0.53, 0.87, 0.88, 1.09, 0.57, 2.88, 0.91]
    Left Single Support Time: [0.57, 2.07, 0.63, 0.78, 0.85, 1.09, 0.81, 0.82, 0.96, 0.44]
    Double Support Time: [0.35, 0.67, 1.01, 0.45999999999999996, 0.38, 0.55, 0.69, 0.51, 0.8300000000000001, 0.72]
    Stride Phase Duration: [0.41, 0.28, 0.63, 0.69, 0.71, 1.3, 0.49, 0.41, 0.27, 0.24, 0.48, 0.53, 0.55, 0.72, 0.66, 0.74, 0.28, 0.29, 1.38, 0.23, 1.15, 0.3, 0.34, 0.22, 1.05]
    Gait Cycle Duration: [0.41, 0.28, 0.63, 0.69, 0.71, 1.3, 0.49, 0.41, 0.27, 0.24, 0.48, 0.53, 0.55, 0.72, 0.66, 0.74, 0.28, 0.29, 1.38, 0.23, 1.15, 0.3, 0.34, 0.22, 1.05]
    Right stance time : [0.28, 0.69, 1.3, 0.41, 0.24, 0.53, 0.72, 0.74, 0.29, 0.23, 0.3, 0.22]
    Right Swing Time: [0.28, 0.69, 0.71, 0.49, 0.27, 0.24, 0.53, 0.72, 0.74, 0.29, 0.23, 0.3, 1.05]
    Left stance Time: [0.41, 0.63, 0.71, 0.49, 0.27, 0.48, 0.55, 0.66, 0.28, 1.38, 1.15, 0.34, 1.05]
    Left Swing Time: [0.41, 0.63, 1.3, 0.41, 0.48, 0.55, 0.66, 0.28, 1.38, 1.15, 0.34, 0.22]
    Right Toe Off Times: [0.19, 0.37, 1.09, 0.07, 0.2, 0.37, 0.56, 0.05, 0.83, 0.9, 0.03, 0.18]
    Right Swing peak Times: [0.21, 0.36, 0.55, 0.29, 0.17, 0.14, 0.28, 0.56, 0.47, 0.06, 0.05, 0.11, 0.73]
    Left Toe Off Times: [0.15, 0.13, 0.25, 0.33, 0.09, 0.13, 0.26, 0.41, 0.24, 0.19, 0.59]
    Left Swing peak Times: [0.23, 0.13, 0.23, 0.23, 0.31, 0.19, 0.26, 0.12, 0.72, 0.33, 0.08, 0.03]
    Cadence: 98.55453350854138

