Gait Cycle:
  Right Single Support Time: [637.0, 168.0, 142.0, 269.0, 403.0, 1458.0, 1815.0, 689.0, nan, nan]
  Left Single Support Time: [255.0, 55.0, 59.0, 18.0, 25.0, 118.0, 479.0, 80.0, 652.0, 563.0, 261.0, 27.0, nan]
  Double Support Time: [171.0, 70.0, 58.0, 113.0, 134.0, 766.0, 1184.0, 873.0, 163.0, nan, nan, nan, nan]
  Right Stance Phase Duration: [85.0, 28.0, 31.0, 22.0, 18.0, 554.0, 149.0, 415.0, 66.0, 398.0, 154.0, 66.0, nan]
  Left Stance Phase Duration: [637.0, 168.0, 142.0, 269.0, 403.0, 1458.0, 1815.0, 689.0, nan, nan]
  Right Load Response Time: [85.0, 296.0, 339.0, 364.0, 502.0, 746.0, 1320.0, 1472.0, 1208.0, nan, nan, nan, nan]
  Right Gait Cycle Time: [340.0, 83.0, 90.0, 40.0, 43.0, 672.0, 628.0, 495.0, 718.0, 961.0, 415.0, 93.0, nan]
  Left Load Response Time: [86.0, -226.0, -281.0, -251.0, -368.0, 20.0, -136.0, -599.0, -1045.0, -799.0, nan, nan]
  Left Gait Cycle Time: [551.0, 126.0, 115.0, 178.0, 287.0, 1246.0, 780.0, 231.0, nan]
  Cadence: [0.0015723270440251573, 0.002369668246445498, 0.0022026431718061676, 0.0018450184501845018, 0.0012674271229404308, 0.000502008032128514, 0.0004761904761904762, 0.0005871990604815032, nan, nan, nan, nan, nan]
  Right Single Support Percentage: [187.35294117647058, 202.40963855421685, 157.77777777777777, 672.5, 937.2093023255815, 216.96428571428572, 289.0127388535032, 139.1919191919192, nan, nan, nan, nan, nan]
  Left Single Support Percentage: [75.0, 66.26506024096386, 65.55555555555556, 45.0, 58.139534883720934, 17.559523809523807, 76.27388535031847, 16.161616161616163, 90.80779944289694, 58.58480749219564, 62.89156626506024, 29.03225806451613, nan]
  Double Support Percentage: [50.294117647058826, 84.33734939759037, 64.44444444444444, 282.5, 311.6279069767442, 113.98809523809523, 188.53503184713375, 176.36363636363637, 22.701949860724234, nan, nan, nan, nan]
  Right Stance Phase Percentage: [25.0, 33.734939759036145, 34.44444444444444, 55.00000000000001, 41.86046511627907, 82.44047619047619, 23.726114649681527, 83.83838383838383, 9.192200557103064, 41.41519250780437, 37.10843373493976, 70.96774193548387, nan]
  Left Stance Phase Percentage: [187.35294117647058, 202.40963855421685, 157.77777777777777, 672.5, 937.2093023255815, 216.96428571428572, 289.0127388535032, 139.1919191919192, nan, nan, nan, nan, nan]
  Right Loading Response Percentage: [25.0, 356.6265060240964, 376.6666666666667, 910.0, 1167.4418604651162, 111.01190476190477, 210.19108280254778, 297.37373737373736, 168.24512534818942, nan, nan, nan, nan]
  Left Loading Response Percentage: [25.294117647058822, -272.28915662650604, -312.22222222222223, -627.5, -855.813953488372, 2.976190476190476, -21.656050955414013, -121.01010101010101, -145.5431754874652, -83.14255983350677, nan, nan, nan]

