total_metrics:
  Gait Cycle:
    Number of steps: 34
    Right Single Support Time: [0.47, 0.95, 0.62, 0.71, 0.48, 0.17, 0.25, 0.39, 0.52, 0.49, 0.47, 0.2, 0.52, 0.61, 0.8]
    Left Single Support Time: [0.56, 0.23, 0.57, 0.72, 0.44, 1.22, 1.47, 0.41, 0.9, 0.61, 0.78, 0.43, 0.22, 0.24, 1.27]
    Double Support Time: [0.31, 0.36, 0.39, 0.39, 0.44000000000000006, 0.31, 0.36, 0.33000000000000007, 0.6199999999999999, 0.3599999999999999, 0.3700000000000001, 0.45999999999999996, 0.36999999999999966, 0.3999999999999999, 0.44999999999999996]
    Stride Phase Duration: [0.3, 0.32, 0.32, 0.39, 0.38, 0.4, 0.4, 0.38, 0.55, 0.33, 0.31, 0.3, 0.46, 0.32, 0.26, 0.9, 0.39, 0.35, 0.27, 0.35, 0.29, 0.45, 0.34, 0.38, 0.45, 0.43, 0.62, 0.33, 0.28, 0.42, 0.47, 0.34, 0.77, 0.37]
    Gait Cycle Duration: [0.3, 0.32, 0.32, 0.39, 0.38, 0.4, 0.4, 0.38, 0.55, 0.33, 0.31, 0.3, 0.46, 0.32, 0.26, 0.9, 0.39, 0.35, 0.27, 0.35, 0.29, 0.45, 0.34, 0.38, 0.45, 0.43, 0.62, 0.33, 0.28, 0.42, 0.47, 0.34, 0.77, 0.37]
    Right stance time : [0.32, 0.39, 0.4, 0.38, 0.33, 0.3, 0.32, 0.9, 0.35, 0.35, 0.45, 0.38, 0.43, 0.33, 0.42, 0.34, 0.37]
    Right Swing Time: [0.3, 0.32, 0.4, 0.38, 0.33, 0.3, 0.46, 0.32, 0.9, 0.39, 0.27, 0.29, 0.45, 0.38, 0.43, 0.33, 0.34, 0.77]
    Left stance Time: [0.3, 0.32, 0.38, 0.4, 0.55, 0.31, 0.46, 0.26, 0.39, 0.27, 0.29, 0.34, 0.45, 0.62, 0.28, 0.47, 0.77]
    Left Swing Time: [0.32, 0.39, 0.38, 0.4, 0.55, 0.31, 0.26, 0.35, 0.35, 0.34, 0.45, 0.62, 0.28, 0.42, 0.47, 0.37]
    Right Toe Off Times: [0.02, 0.19, 0.26, 0.23, 0.5, 0.17, 0.15, 0.24, 0.16, 0.12, 0.25, 0.5, 0.09, 0.24, 0.3, 0.15]
    Right Swing peak Times: [0.19, 0.25, 0.33, 0.3, 0.15, 0.19, 0.31, 0.2, 0.78, 0.36, 0.15, 0.11, 0.29, 0.19, 0.23, 0.22, 0.15, 0.23]
    Left Toe Off Times: [0.08, 0.08, 0.13, 0.16, 0.11, 0.13, 0.17, 0.2, 0.15, 0.28, 0.17, 0.15, 0.27, 0.19, 0.13, 0.06, 0.15, 0.65]
    Left Swing peak Times: [0.12, 0.12, 0.25, 0.06, 0.13, 0.06, 0.12, 0.18, 0.14, 0.16, 0.18, 0.34, 0.14, 0.4, 0.27, 0.17]
    Cadence: 139.63039014373717

