total_metrics:
  Gait Cycle:
    Number of steps: 23
    Right Single Support Time: [1.11, 1.8399999999999999, 0.51, 0.44, 1.12, 1.31, 0.78, 1.11, 1.3]
    Left Single Support Time: [0.42, 0.31, 0.47, 0.38, 0.8, 0.48, 1.16, 1.02, 0.38]
    Double Support Time: [0.30000000000000004, 0.3699999999999999, 0.4299999999999997, 0.3999999999999999, 1.13, 0.27, 0.25, 0.4500000000000002, 0.73]
    Stride Phase Duration: [0.34, 0.26, 0.45, 0.53, 0.29, 0.4, 1.27, 0.32, 0.3, 0.4, 0.27, 1.0, 0.67, 0.24, 1.17, 0.24, 0.69, 0.24, 0.95, 0.31, 0.66, 0.54, 0.34]
    Gait Cycle Duration: [0.34, 0.26, 0.45, 0.53, 0.29, 0.4, 1.27, 0.32, 0.3, 0.4, 0.27, 1.0, 0.67, 0.24, 1.17, 0.24, 0.69, 0.24, 0.95, 0.31, 0.66, 0.54, 0.34]
    Right stance time : [0.26, 0.53, 0.4, 0.32, 0.4, 1.0, 0.24, 0.24, 0.24, 0.31, 0.54]
    Right Swing Time: [0.26, 0.29, 0.32, 0.4, 1.0, 0.24, 0.24, 0.24, 0.31, 0.34]
    Left stance Time: [0.34, 0.45, 0.29, 1.27, 0.3, 0.27, 0.67, 1.17, 0.69, 0.95, 0.66, 0.34]
    Left Swing Time: [0.34, 0.45, 0.53, 0.4, 1.27, 0.3, 0.27, 0.67, 1.17, 0.69, 0.95, 0.66, 0.54]
    Right Toe Off Times: [0.13, 0.11, 0.29, 0.13, 0.48, 0.17, 0.02, 0.06, 0.94, 0.04, 0.71, 0.36, 0.35]
    Right Swing peak Times: [0.09, 0.15, 0.13, 0.15, 0.83, 0.12, 0.05, 0.13, 0.09]
    Left Toe Off Times: [0.16, 0.16, 0.2, 0.3, 0.24, 0.14, 0.19, 0.12, 0.2, 0.09]
    Left Swing peak Times: [0.12, 0.17, 0.41, 0.23, 1.11, 0.18, 0.14, 0.24, 0.99, 0.28, 0.38, 0.13, 0.47]
    Cadence: 96.30146545708304

