total_metrics:
  Gait Cycle:
    Number of steps: 114
    Right Single Support Time: [0.49, 1.12, 0.47, 1.53, 1.17, 1.47, 0.82, 0.99, 0.71, 0.72, 1.46, 0.69, 1.21, 0.44, 1.24, 0.48, 0.95, 0.62, 0.71, 0.48, 0.17, 0.25, 0.39, 0.52, 0.49, 0.47, 0.2, 0.52, 0.61, 0.8, 1.38, 0.42, 0.54, 1.45, 0.77, 0.41, 1.69, 0.54, 0.87, 0.88, 1.1, 0.57, 2.88, 0.91, 0.95, 0.66, 1.41, 0.87, 0.35, 0.65, 0.36]
    Left Single Support Time: [1.56, 0.77, 0.52, 0.51, 0.58, 1.18, 0.66, 0.8, 0.6, 0.45, 0.7, 0.39, 0.45, 2.0, 0.53, 0.53, 0.29, 0.37, 0.56, 0.23, 0.57, 0.72, 0.44, 1.22, 1.47, 0.41, 0.9, 0.61, 0.78, 0.43, 0.22, 0.24, 1.27, 0.73, 0.22, 0.24, 0.57, 2.08, 0.63, 0.77, 0.85, 1.09, 0.82, 0.82, 0.96, 0.44, 0.24, 1.26, 0.55, 0.71, 0.46]
    Double Support Time: [0.22999999999999998, 0.36, 0.2899999999999999, 0.51, 0.5399999999999999, 0.62, 0.82, 0.52, 0.58, 0.45000000000000007, 0.4, 0.48, 1.2000000000000002, 0.3700000000000001, 0.34999999999999987, 0.32000000000000006, 0.3799999999999999, 0.56, 0.34999999999999964, 0.3700000000000001, 0.33999999999999986, 0.4299999999999997, 0.42999999999999994, 0.6099999999999999, 0.31999999999999984, 0.31, 0.31999999999999995, 0.4, 0.42000000000000004, 0.53, 0.29999999999999993, 0.38, 0.6200000000000001, 0.49, 0.2400000000000002, 0.5599999999999998, 0.6199999999999999, 0.56, 0.7899999999999998, 0.47, 0.5999999999999999, 0.6500000000000001, 0.47, 0.29000000000000004, 1.2200000000000002, 0.7600000000000002, 0.41000000000000014, 0.5300000000000002, 0.3799999999999999, 0.4300000000000006, 0.3799999999999999]
    Stride Phase Duration: [0.25, 0.27, 0.23, 0.42, 0.23, 0.21, 0.5, 0.26, 0.21, 0.38, 0.32, 0.7, 0.7, 0.38, 0.98, 0.26, 1.25, 0.38, 0.74, 0.31, 0.8, 0.37, 0.55, 0.33, 0.54, 0.26, 0.66, 0.63, 0.29, 0.38, 1.78, 0.43, 0.35, 0.34, 0.28, 0.43, 0.71, 0.3, 0.31, 0.32, 0.39, 0.38, 0.4, 0.4, 0.38, 0.55, 0.33, 0.31, 0.3, 0.46, 0.32, 0.26, 0.9, 0.39, 0.35, 0.27, 0.35, 0.29, 0.45, 0.34, 0.38, 0.45, 0.43, 0.62, 0.33, 0.28, 0.42, 0.47, 0.34, 0.77, 0.37, 0.6, 0.21, 0.45, 0.53, 0.27, 0.64, 0.68, 0.72, 1.3, 0.49, 0.41, 0.27, 0.24, 0.47, 0.53, 0.55, 0.72, 0.66, 0.75, 0.28, 0.29, 1.37, 0.24, 1.15, 0.3, 0.34, 0.22, 1.06, 0.56, 0.38, 0.47, 0.47, 0.38, 0.84, 0.85, 0.48, 0.21, 0.23, 0.4, 0.44, 0.38, 0.64, 3.15]
    Gait Cycle Duration: [0.25, 0.27, 0.23, 0.42, 0.23, 0.21, 0.5, 0.26, 0.21, 0.38, 0.32, 0.7, 0.7, 0.38, 0.98, 0.26, 1.25, 0.38, 0.74, 0.31, 0.8, 0.37, 0.55, 0.33, 0.54, 0.26, 0.66, 0.63, 0.29, 0.38, 1.78, 0.43, 0.35, 0.34, 0.28, 0.43, 0.71, 0.3, 0.31, 0.32, 0.39, 0.38, 0.4, 0.4, 0.38, 0.55, 0.33, 0.31, 0.3, 0.46, 0.32, 0.26, 0.9, 0.39, 0.35, 0.27, 0.35, 0.29, 0.45, 0.34, 0.38, 0.45, 0.43, 0.62, 0.33, 0.28, 0.42, 0.47, 0.34, 0.77, 0.37, 0.6, 0.21, 0.45, 0.53, 0.27, 0.64, 0.68, 0.72, 1.3, 0.49, 0.41, 0.27, 0.24, 0.47, 0.53, 0.55, 0.72, 0.66, 0.75, 0.28, 0.29, 1.37, 0.24, 1.15, 0.3, 0.34, 0.22, 1.06, 0.56, 0.38, 0.47, 0.47, 0.38, 0.84, 0.85, 0.48, 0.21, 0.23, 0.4, 0.44, 0.38, 0.64, 3.15]
    Right stance time : [0.27, 0.42, 0.21, 0.26, 0.38, 0.7, 0.38, 0.26, 0.38, 0.31, 0.37, 0.33, 0.26, 0.63, 0.38, 0.43, 0.34, 0.43, 0.3, 0.32, 0.38, 0.4, 0.55, 0.31, 0.46, 0.26, 0.39, 0.27, 0.29, 0.34, 0.45, 0.62, 0.28, 0.47, 0.77, 0.6, 0.45, 0.27, 0.68, 1.3, 0.41, 0.24, 0.53, 0.72, 0.75, 0.29, 0.24, 0.3, 0.22, 0.56, 0.47, 0.38, 0.85, 0.21, 0.4, 0.38, 3.15]
    Right Swing Time: [0.23, 0.23, 0.26, 0.21, 0.32, 0.38, 0.26, 0.38, 0.31, 0.37, 0.33, 0.26, 0.29, 1.78, 0.35, 0.28, 0.3, 0.32, 0.4, 0.38, 0.33, 0.3, 0.46, 0.32, 0.9, 0.39, 0.27, 0.29, 0.45, 0.38, 0.43, 0.33, 0.34, 0.77, 0.6, 0.27, 0.68, 0.72, 0.49, 0.27, 0.24, 0.53, 0.72, 0.75, 0.29, 0.24, 0.3, 1.06, 0.38, 0.47, 0.85, 0.21, 0.4, 0.38, 0.64]
    Left stance Time: [0.25, 0.23, 0.23, 0.5, 0.21, 0.32, 0.7, 0.98, 1.25, 0.74, 0.8, 0.55, 0.54, 0.66, 0.29, 1.78, 0.35, 0.28, 0.71, 0.31, 0.39, 0.4, 0.38, 0.33, 0.3, 0.32, 0.9, 0.35, 0.35, 0.45, 0.38, 0.43, 0.33, 0.42, 0.34, 0.37, 0.21, 0.53, 0.64, 0.72, 0.49, 0.27, 0.47, 0.55, 0.66, 0.28, 1.37, 1.15, 0.34, 1.06, 0.38, 0.47, 0.84, 0.48, 0.23, 0.44, 0.64]
    Left Swing Time: [0.25, 0.27, 0.42, 0.21, 0.5, 0.38, 0.7, 0.7, 0.98, 1.25, 0.74, 0.8, 0.55, 0.54, 0.66, 0.63, 0.38, 0.43, 0.34, 0.43, 0.71, 0.31, 0.39, 0.38, 0.4, 0.55, 0.31, 0.26, 0.35, 0.35, 0.34, 0.45, 0.62, 0.28, 0.42, 0.47, 0.37, 0.21, 0.45, 0.53, 0.64, 1.3, 0.41, 0.47, 0.55, 0.66, 0.28, 1.37, 1.15, 0.34, 0.22, 0.56, 0.47, 0.38, 0.84, 0.48, 0.23, 0.44, 3.15]
    Right Toe Off Times: [0.06, 0.2, 0.3, 0.32, 0.65, 0.35, 1.21, 0.52, 0.77, 0.43, 0.13, 0.47, 0.58, 0.26, 0.32, 0.25, 0.41, 0.57, 0.01, 0.19, 0.26, 0.23, 0.5, 0.17, 0.15, 0.24, 0.16, 0.12, 0.25, 0.5, 0.09, 0.24, 0.3, 0.15, 0.05, 0.28, 0.3, 0.37, 1.08, 0.07, 0.19, 0.37, 0.57, 0.05, 0.83, 0.9, 0.03, 0.17, 0.34, 0.12, 0.13, 0.67, 0.14, 0.07, 0.22, 1.8199999999999998]
    Right Swing peak Times: [0.09, 0.15, 0.05, 0.01, 0.33, 0.22, 0.28, 0.23, 0.24, 0.27, 1.7, 0.22, 0.21, 0.19, 0.25, 0.33, 0.3, 0.15, 0.19, 0.31, 0.2, 0.78, 0.36, 0.15, 0.11, 0.29, 0.19, 0.23, 0.22, 0.15, 0.23, 0.5, 0.2, 0.36, 0.56, 0.28, 0.16, 0.14, 0.28, 0.57, 0.48, 0.05, 0.06, 0.11, 0.74, 0.07, 0.24, 0.63, 0.05, 0.12, 0.13, 0.37]
    Left Toe Off Times: [0.2, 0.1, 0.16, 0.13, 0.07, 0.06, 0.25, 0.02, 0.08, 0.03, 0.07, 0.15, 0.48, 0.27, 0.13, 0.04, 0.08, 0.13, 0.16, 0.11, 0.13, 0.17, 0.2, 0.15, 0.28, 0.17, 0.15, 0.27, 0.19, 0.13, 0.06, 0.15, 0.65, 0.23, 0.14, 0.13, 0.26, 0.32, 0.09, 0.14, 0.27, 0.42, 0.24, 0.19, 0.59, 0.3, 0.31, 0.22, 0.14, 0.16, 0.18, 0.52]
    Left Swing peak Times: [0.1, 0.26, 0.13, 0.37, 0.08, 0.05, 0.09, 0.45, 0.17, 0.27, 0.32, 0.13, 0.31, 0.21, 0.37, 0.14, 0.1, 0.15, 0.11, 0.33, 0.11, 0.13, 0.25, 0.06, 0.13, 0.06, 0.12, 0.18, 0.14, 0.16, 0.18, 0.34, 0.14, 0.4, 0.27, 0.17, 0.15, 0.36, 0.13, 0.22, 0.22, 0.31, 0.19, 0.27, 0.12, 0.72, 0.33, 0.07, 0.02, 0.17, 0.24, 0.33, 0.58, 0.35, 0.21, 0.34, 0.7]
    Cadence: 112.66677647833964

