total_metrics:
  Gait Cycle:
    Number of steps: 19
    Right Single Support Time: [2.55, 0.65, 0.59, 0.1, 0.89, 1.69, 1.24]
    Left Single Support Time: [0.77, 0.34, 0.5, 0.75, 0.88, 0.18, 0.62]
    Double Support Time: [0.76, 0.42000000000000015, 0.47, 0.34999999999999987, 0.43000000000000005, 0.22999999999999998, 0.3700000000000001]
    Stride Phase Duration: [0.33, 1.19, 0.6, 0.21, 0.35, 0.24, 0.42, 0.6, 0.39, 0.27, 0.46, 0.23, 0.43, 0.22, 1.6400000000000001, 0.33, 0.23, 0.22, 1.41]
    Gait Cycle Duration: [0.33, 1.19, 0.6, 0.21, 0.35, 0.24, 0.42, 0.6, 0.39, 0.27, 0.46, 0.23, 0.43, 0.22, 1.6400000000000001, 0.33, 0.23, 0.22, 1.41]
    Right stance time : [1.19, 0.21, 0.24, 0.6, 0.27, 0.23, 0.22, 0.33, 0.22]
    Right Swing Time: [0.33, 0.21, 0.24, 0.6, 0.27, 0.46, 0.22, 0.33, 1.41]
    Left stance Time: [0.33, 0.6, 0.35, 0.42, 0.39, 0.46, 0.43, 1.6400000000000001, 0.23, 1.41]
    Left Swing Time: [1.19, 0.6, 0.35, 0.42, 0.39, 0.23, 0.43, 1.6400000000000001, 0.23, 0.22]
    Right Toe Off Times: [0.11, 0.47, 0.12, 0.28, 0.17, 0.09, 0.22, 0.58, 0.03, 0.13]
    Right Swing peak Times: [0.17, 0.09, 0.08, 0.14, 0.16, 0.37, 0.02, 0.18, 0.17]
    Left Toe Off Times: [0.12, 0.19, 0.41, 0.21, 0.14, 0.14, 0.02, 1.27]
    Left Swing peak Times: [1.05, 0.33, 0.27, 0.25, 0.15, 0.37, 1.35, 0.11, 0.05]
    Cadence: 81.08108108108108

