total_metrics:
  Gait Cycle:
    Number of steps: 29
    Right Single Support Time: [0.94, 1.6099999999999999, 1.11, 1.13, 7.9399999999999995, 0.67, 1.25, 0.98, 0.72, 0.9, 0.46, 1.25, 1.24]
    Left Single Support Time: [1.0, 0.81, 1.33, 1.11, 1.22, 1.03, 0.26, 0.51, 0.25, 0.3, 3.58, 7.82, 1.12]
    Double Support Time: [0.8000000000000002, 0.52, 1.02, 0.74, 0.8, 1.2599999999999998, 1.17, 1.3599999999999994, 1.3500000000000014, 0.9000000000000004, 2.0600000000000005, 0.71, 0.8500000000000001]
    Stride Phase Duration: [0.75, 0.83, 0.64, 0.39, 1.31, 0.73, 0.69, 0.79, 0.9, 0.71, 1.11, 1.51, 0.5, 1.08, 0.23, 3.01, 1.41, 0.84, 0.51, 2.22, 1.62, 1.56, 1.1, 0.93, 0.8, 0.9, 0.67, 1.9, 0.49]
    Gait Cycle Duration: [0.75, 0.83, 0.64, 0.39, 1.31, 0.73, 0.69, 0.79, 0.9, 0.71, 1.11, 1.51, 0.5, 1.08, 0.23, 3.01, 1.41, 0.84, 0.51, 2.22, 1.62, 1.56, 1.1, 0.93, 0.8, 0.9, 0.67, 1.9, 0.49]
    Right stance time : [0.83, 0.39, 0.73, 0.79, 0.71, 1.51, 1.08, 3.01, 0.84, 2.22, 1.56, 0.93, 0.9, 1.9]
    Right Swing Time: [0.83, 0.39, 0.73, 0.79, 0.71, 1.41, 0.84, 2.22, 1.62, 1.56, 1.1, 0.93, 0.9, 1.9, 0.49]
    Left stance Time: [0.75, 0.64, 1.31, 0.69, 0.9, 1.11, 0.5, 0.23, 1.41, 0.51, 1.62, 1.1, 0.8, 0.67, 0.49]
    Left Swing Time: [0.75, 0.64, 1.31, 0.69, 0.9, 1.11, 1.51, 0.5, 1.08, 0.23, 3.01, 0.51, 0.8, 0.67]
    Right Toe Off Times: [0.57, 0.17, 0.36, 0.24, 0.19, 0.31, 1.26, 0.27, 0.79, 0.21, 0.59, 0.24, 0.51, 0.14]
    Right Swing peak Times: [0.31, 0.23, 0.3, 0.14, 0.36, 0.39, 0.51, 0.47, 0.61, 0.47, 0.62, 0.83, 0.43, 0.51, 0.18]
    Left Toe Off Times: [0.47, 0.25, 0.47, 0.59, 0.26, 0.54, 0.47, 1.1, 0.84, 0.67, 0.91, 0.72, 0.69, 0.92, 0.05]
    Left Swing peak Times: [0.44, 0.25, 1.1400000000000001, 0.58, 0.58, 0.4, 1.3900000000000001, 0.36, 0.93, 0.15, 2.9, 0.22, 0.55, 0.41]
    Cadence: 28.627838104639682

